FR0000131906;10/11/14;58.89;60.13;58.32;59.93;757530
FR0000131906;11/11/14;60.20;60.25;58.40;59.06;897677
FR0000131906;12/11/14;58.87;59.45;58.05;58.62;916414
FR0000131906;13/11/14;59.04;59.94;58.37;58.51;956845
FR0000131906;14/11/14;59.02;59.61;58.15;59.30;846803
FR0000131906;17/11/14;58.70;59.44;57.91;59.13;791502
FR0000131906;18/11/14;59.48;60.77;59.20;60.51;1384103
FR0000131906;19/11/14;60.69;61.33;60.05;60.52;732986
FR0000131906;20/11/14;60.60;60.90;59.82;60.78;694109
FR0000131906;21/11/14;61.00;62.55;60.94;62.41;1579079
FR0000131906;24/11/14;62.58;64.05;61.92;63.64;1271775
FR0000131906;25/11/14;63.87;64.23;63.47;64.02;926430
FR0000131906;26/11/14;64.18;64.47;63.35;63.93;703766
FR0000131906;27/11/14;64.20;64.40;63.60;64.12;576959
FR0000131906;28/11/14;64.03;64.60;63.93;64.52;676603
FR0000131906;01/12/14;63.93;64.11;62.91;64.10;994587
FR0000131906;02/12/14;64.14;64.35;62.23;62.54;1426027
FR0000131906;03/12/14;62.36;62.79;61.39;62.13;1362949
FR0000131906;04/12/14;62.28;63.55;61.50;61.91;1225734
FR0000131906;05/12/14;62.95;64.50;62.60;64.40;1257091
FR0000131906;08/12/14;64.19;65.28;63.98;64.06;726111
FR0000131906;09/12/14;63.61;63.72;62.00;62.41;1255418
FR0000131906;10/12/14;62.65;63.37;61.21;61.68;1037335
FR0000131906;11/12/14;61.43;62.51;61.38;61.87;1029002
FR0000131906;12/12/14;61.50;61.64;59.62;59.98;1373377
FR0000131906;15/12/14;59.82;60.79;57.64;58.04;1770237
FR0000131906;16/12/14;57.86;58.84;55.68;57.62;3427768
FR0000131906;17/12/14;56.74;58.88;56.51;58.37;1715193
FR0000131906;18/12/14;59.50;60.42;59.15;60.02;1495225
FR0000131906;19/12/14;60.59;61.06;59.58;60.66;1745612
FR0000131906;22/12/14;60.72;61.37;60.05;60.29;570276
FR0000131906;23/12/14;60.29;61.32;60.05;61.11;471123
FR0000131906;24/12/14;60.86;61.19;60.80;60.98;71834
FR0000131906;29/12/14;60.72;61.05;59.38;60.76;661638
FR0000131906;30/12/14;60.50;60.89;60.07;60.21;466891
FR0000131906;31/12/14;60.41;60.76;59.90;60.53;117361
FR0000131906;02/01/15;60.73;60.98;59.42;59.90;556271
FR0000131906;05/01/15;59.62;60.57;57.58;57.81;1141204
FR0000131906;06/01/15;58.02;58.66;56.85;57.51;937753
FR0000131906;07/01/15;57.86;58.68;57.19;57.38;872019
FR0000131906;08/01/15;58.13;59.87;58.04;59.60;1247456
FR0000131906;09/01/15;59.48;60.35;58.18;58.84;1010288
FR0000131906;12/01/15;58.95;59.70;58.22;59.38;923992
FR0000131906;13/01/15;59.25;62.15;59.13;61.54;1878290
FR0000131906;14/01/15;60.50;61.46;59.59;59.77;1424457
FR0000131906;15/01/15;60.21;62.40;58.25;61.67;1633251
FR0000131906;16/01/15;61.47;63.00;61.40;62.94;1283249
FR0000131906;19/01/15;63.00;64.39;62.80;63.90;988594
FR0000131906;20/01/15;64.20;64.78;63.33;63.76;995325
FR0000131906;21/01/15;63.70;65.16;62.85;65.06;1689165
FR0000131906;22/01/15;65.43;68.29;65.18;67.52;2477918
FR0000131906;23/01/15;68.40;70.53;68.31;68.98;2025008
FR0000131906;26/01/15;68.54;69.98;68.33;68.93;987586
FR0000131906;27/01/15;68.98;69.18;67.01;68.15;1594188
FR0000131906;28/01/15;68.89;69.90;68.63;69.45;1323124
FR0000131906;29/01/15;69.19;70.21;68.82;69.78;1330948
FR0000131906;30/01/15;70.01;70.07;67.96;68.21;1226472
FR0000131906;02/02/15;68.37;69.25;67.92;68.50;876479
FR0000131906;03/02/15;69.20;70.89;69.06;70.16;1455735
FR0000131906;04/02/15;70.32;70.69;69.24;70.34;1016239
FR0000131906;05/02/15;69.67;71.41;69.42;71.12;924589
FR0000131906;06/02/15;71.11;71.64;70.55;71.15;618196
FR0000131906;09/02/15;70.40;70.50;67.97;68.23;1685185
FR0000131906;10/02/15;68.40;69.90;68.11;69.03;1326877
FR0000131906;11/02/15;68.51;69.59;68.11;69.21;790649
FR0000131906;12/02/15;73.00;77.73;73.00;77.20;3612005
FR0000131906;13/02/15;77.23;79.80;76.76;79.35;2461864
FR0000131906;16/02/15;79.43;81.24;79.35;80.00;1994684
FR0000131906;17/02/15;79.70;81.78;79.32;81.02;1568071
FR0000131906;18/02/15;81.90;83.20;80.90;83.11;1504723
FR0000131906;19/02/15;82.75;84.68;82.14;84.36;1407532
FR0000131906;20/02/15;84.23;85.27;83.75;85.15;1620569
FR0000131906;23/02/15;85.77;86.30;84.14;85.03;1111215
FR0000131906;24/02/15;85.00;85.66;84.24;84.94;866263
FR0000131906;25/02/15;84.90;85.11;82.34;82.70;1445065
FR0000131906;26/02/15;82.37;84.29;82.33;84.29;958232
FR0000131906;27/02/15;84.20;85.93;84.13;85.85;1170508
FR0000131906;02/03/15;86.06;87.41;84.11;85.34;1571678
FR0000131906;03/03/15;85.39;86.28;82.99;83.09;1080198
FR0000131906;04/03/15;83.25;84.94;82.70;84.94;1080193
FR0000131906;05/03/15;85.00;86.27;84.44;84.71;1215034
FR0000131906;06/03/15;84.63;86.17;84.27;85.89;1040952
FR0000131906;09/03/15;85.50;87.69;84.89;86.95;1019381
FR0000131906;10/03/15;87.16;88.31;85.82;86.65;1016394
FR0000131906;11/03/15;87.27;90.34;87.11;90.15;1241979
FR0000131906;12/03/15;90.16;90.16;88.74;89.56;989650
FR0000131906;13/03/15;90.04;90.24;87.75;89.03;988372
FR0000131906;16/03/15;89.50;90.85;89.41;90.00;1244687
FR0000131906;17/03/15;90.65;90.69;86.37;86.87;1857352
FR0000131906;18/03/15;87.24;87.32;81.96;83.08;2260034
FR0000131906;19/03/15;83.14;84.27;81.11;83.60;1379294
FR0000131906;20/03/15;83.98;85.14;82.62;83.88;1285650
FR0000131906;23/03/15;83.84;83.88;81.63;81.91;1034936
FR0000131906;24/03/15;82.21;83.91;81.62;83.07;1392523
FR0000131906;25/03/15;83.01;84.32;81.41;81.53;1073273
FR0000131906;26/03/15;80.76;83.95;79.62;83.85;1495558
FR0000131906;27/03/15;84.55;85.69;82.76;83.69;1179400
FR0000131906;30/03/15;83.52;86.33;83.52;86.08;787884
FR0000131906;31/03/15;86.00;86.05;83.62;84.77;957590
FR0000131906;01/04/15;84.27;85.45;83.03;83.37;1323808
FR0000131906;02/04/15;83.61;84.83;82.89;84.66;915842
FR0000131906;07/04/15;85.24;85.88;84.63;85.26;783362
FR0000131906;08/04/15;85.54;86.78;83.25;86.07;1241463
FR0000131906;09/04/15;86.69;88.89;86.64;88.30;1274120
FR0000131906;10/04/15;88.58;89.95;88.44;89.44;1041129
FR0000131906;13/04/15;89.29;89.69;88.59;89.32;755892
FR0000131906;14/04/15;88.81;89.69;88.29;89.13;1123650
FR0000131906;15/04/15;89.24;90.05;88.67;89.59;839541
FR0000131906;16/04/15;89.35;93.76;89.34;92.22;1889633
FR0000131906;17/04/15;91.82;92.99;89.77;90.41;1725219
FR0000131906;20/04/15;90.73;92.01;90.26;90.74;967901
FR0000131906;21/04/15;92.27;94.88;91.93;94.45;1693868
FR0000131906;22/04/15;95.00;98.87;93.52;94.30;1650890
FR0000131906;23/04/15;94.45;95.20;92.22;93.59;1262602
FR0000131906;24/04/15;98.40;99.19;96.17;97.08;1965381
FR0000131906;27/04/15;97.55;98.60;95.31;97.04;1283549
FR0000131906;28/04/15;97.15;97.58;93.72;95.22;1300102
FR0000131906;29/04/15;96.30;96.30;91.40;92.23;1437136
FR0000131906;30/04/15;92.62;94.69;91.10;94.10;1240460
FR0000131906;04/05/15;93.15;94.22;92.16;93.50;655222
FR0000131906;05/05/15;93.44;95.74;92.01;92.01;1267413
FR0000131906;06/05/15;92.30;93.10;90.32;91.99;1200827
FR0000131906;07/05/15;91.04;93.27;90.98;92.96;1607304
FR0000131906;08/05/15;94.00;95.25;92.74;94.78;921815
FR0000131906;11/05/15;94.96;95.70;93.74;95.40;801404
FR0000131906;12/05/15;94.50;94.98;92.56;93.32;1122530
FR0000131906;13/05/15;91.50;93.32;90.54;90.89;1314942
FR0000131906;14/05/15;90.89;91.87;89.60;91.31;945912
FR0000131906;15/05/15;92.25;93.08;90.19;90.81;1144889
FR0000131906;18/05/15;91.00;92.35;90.52;91.81;899199
FR0000131906;19/05/15;92.67;96.73;92.67;96.51;2164192
FR0000131906;20/05/15;96.50;97.03;94.91;96.84;1087452
FR0000131906;21/05/15;96.81;98.75;96.63;98.52;1311099
FR0000131906;22/05/15;98.44;99.19;98.10;98.81;1164819
FR0000131906;25/05/15;98.99;98.99;98.01;98.76;116010
FR0000131906;26/05/15;98.75;100.25;97.69;98.11;1120981
FR0000131906;27/05/15;97.81;99.04;97.22;98.47;1083583
FR0000131906;28/05/15;98.20;98.40;95.64;96.55;1142471
FR0000131906;29/05/15;96.66;96.87;94.35;94.53;1248747
FR0000131906;01/06/15;95.00;96.08;93.61;94.79;770751
FR0000131906;02/06/15;95.31;95.36;93.28;94.37;980744
FR0000131906;03/06/15;94.62;95.84;93.55;95.37;1442780
FR0000131906;04/06/15;94.78;95.20;92.97;93.43;1459683
FR0000131906;05/06/15;92.56;93.17;91.49;92.30;988485
FR0000131906;08/06/15;92.27;92.80;89.71;90.41;1085722
FR0000131906;09/06/15;89.90;93.21;88.87;92.66;1609389
FR0000131906;10/06/15;92.32;94.49;91.28;93.91;1606689
FR0000131906;11/06/15;93.92;96.40;93.76;95.05;1222361
FR0000131906;12/06/15;94.57;96.24;93.48;94.67;872154
FR0000131906;15/06/15;93.14;93.51;91.32;92.45;867629
FR0000131906;16/06/15;91.55;94.00;90.16;93.54;1245071
FR0000131906;17/06/15;93.94;94.16;91.52;91.74;894998
FR0000131906;18/06/15;91.25;91.39;88.64;90.66;1915197
FR0000131906;19/06/15;90.55;93.48;90.55;92.15;1703134
FR0000131906;22/06/15;94.56;95.84;93.97;95.48;1365504
FR0000131906;23/06/15;96.55;97.66;95.75;97.42;1120348
FR0000131906;24/06/15;97.48;97.85;95.32;96.69;765780
FR0000131906;25/06/15;97.23;97.97;96.19;97.40;1161997
FR0000131906;26/06/15;97.00;98.87;96.49;98.11;958402
FR0000131906;29/06/15;94.00;96.29;93.25;94.27;1367907
FR0000131906;30/06/15;93.90;95.55;92.75;93.42;1307132
FR0000131906;01/07/15;95.60;98.33;95.20;97.04;1529930
FR0000131906;02/07/15;97.23;98.03;95.77;95.98;867299
FR0000131906;03/07/15;96.01;96.75;94.75;95.06;672245
FR0000131906;06/07/15;93.49;95.17;92.95;94.16;818171
FR0000131906;07/07/15;94.10;94.20;90.15;90.67;1664688
FR0000131906;08/07/15;89.50;89.50;86.56;86.58;2260033
FR0000131906;09/07/15;86.60;89.83;86.15;88.50;1875723
FR0000131906;10/07/15;91.00;92.20;90.66;91.20;1452336
FR0000131906;13/07/15;93.02;93.53;91.33;91.91;1097315
FR0000131906;14/07/15;92.20;92.20;89.30;90.96;923335
FR0000131906;15/07/15;91.06;92.26;91.03;91.36;738281
FR0000131906;16/07/15;92.36;94.79;92.25;93.50;1244684
FR0000131906;17/07/15;94.45;94.74;92.74;93.24;740444
FR0000131906;20/07/15;93.84;94.19;93.09;93.83;525482
FR0000131906;21/07/15;94.15;95.65;94.03;94.33;1058016
FR0000131906;22/07/15;93.76;94.03;92.47;93.90;683735
FR0000131906;23/07/15;95.18;95.55;92.70;93.48;676260
FR0000131906;24/07/15;93.51;94.00;90.86;91.18;918943
FR0000131906;27/07/15;90.63;91.04;87.56;88.20;1438306
FR0000131906;28/07/15;88.46;89.95;87.79;89.29;920471
FR0000131906;29/07/15;90.27;91.28;89.00;90.35;1131184
FR0000131906;30/07/15;84.00;86.05;82.18;83.13;4083263
FR0000131906;31/07/15;83.84;84.24;82.36;83.78;1430071
FR0000131906;03/08/15;83.99;84.57;82.41;84.57;941190
FR0000131906;04/08/15;84.57;85.64;83.93;85.43;950922
FR0000131906;05/08/15;85.80;88.94;85.70;88.39;1462071
FR0000131906;06/08/15;88.29;89.00;86.92;87.23;882701
FR0000131906;07/08/15;86.92;88.36;86.40;87.86;707835
FR0000131906;10/08/15;88.41;88.75;86.93;88.18;575773
FR0000131906;11/08/15;87.69;87.97;84.45;84.84;1462956
FR0000131906;12/08/15;84.00;84.00;81.02;81.56;1565711
FR0000131906;13/08/15;83.17;83.72;82.04;82.28;767503
FR0000131906;14/08/15;82.20;83.42;82.08;83.25;1130684
FR0000131906;17/08/15;84.05;84.53;81.43;82.15;750925
FR0000131906;18/08/15;81.90;82.45;81.08;81.66;629438
FR0000131906;19/08/15;81.08;81.30;78.79;78.86;1008014
FR0000131906;20/08/15;78.19;78.42;74.70;75.18;1535489
FR0000131906;21/08/15;73.52;76.46;73.12;73.95;1738262
FR0000131906;24/08/15;71.33;71.33;66.02;69.03;3052100
FR0000131906;25/08/15;70.09;74.70;69.57;73.53;2246142
FR0000131906;26/08/15;72.81;74.10;71.02;72.54;1654790
FR0000131906;27/08/15;75.03;77.06;74.77;76.14;1603153
FR0000131906;28/08/15;76.54;76.57;74.70;75.82;796200
FR0000131906;31/08/15;75.03;75.50;73.23;74.09;922175
FR0000131906;01/09/15;72.97;73.01;71.06;71.77;1417214
FR0000131906;02/09/15;72.11;72.42;70.51;70.67;1521636
FR0000131906;03/09/15;71.59;73.75;71.47;73.05;1335423
FR0000131906;04/09/15;72.25;72.51;70.06;70.83;1020032
FR0000131906;07/09/15;71.50;72.05;70.87;71.60;526020
FR0000131906;08/09/15;72.50;74.65;72.31;74.12;994201
FR0000131906;09/09/15;77.67;78.35;76.09;76.16;1318082
FR0000131906;10/09/15;75.22;76.40;74.08;74.77;984100
FR0000131906;11/09/15;74.88;75.28;73.87;74.03;561238
FR0000131906;14/09/15;73.95;75.16;72.72;73.17;751781
FR0000131906;15/09/15;73.47;74.78;73.02;74.20;820165
FR0000131906;16/09/15;75.07;76.10;74.80;76.03;872550
FR0000131906;17/09/15;76.47;77.48;76.06;77.26;807630
FR0000131906;18/09/15;76.73;76.74;73.18;74.00;1851819
FR0000131906;21/09/15;72.32;72.86;69.52;71.65;1983405
FR0000131906;22/09/15;71.18;71.38;65.42;66.55;2972352
FR0000131906;23/09/15;66.68;66.97;61.61;65.00;3710314
FR0000131906;24/09/15;66.51;66.98;62.13;63.83;3051833
FR0000131906;25/09/15;66.08;67.85;64.84;65.22;1892292
FR0000131906;28/09/15;65.01;65.01;61.62;62.18;1845509
FR0000131906;29/09/15;61.00;63.62;59.59;62.72;2583052
FR0000131906;30/09/15;65.00;65.74;63.86;64.00;1832075
FR0000131906;01/10/15;65.55;67.11;64.28;64.85;2091052
FR0000131906;02/10/15;65.88;66.11;62.77;64.48;1368567
FR0000131906;05/10/15;65.66;66.00;64.15;65.70;1350256
FR0000131906;06/10/15;66.52;70.57;66.03;69.48;2668648
FR0000131906;07/10/15;70.10;76.19;70.10;74.19;3517200
FR0000131906;08/10/15;74.19;76.60;72.55;73.49;1951686
FR0000131906;09/10/15;74.19;75.83;74.12;74.75;1174615
FR0000131906;12/10/15;75.14;77.33;74.77;76.95;1405787
FR0000131906;13/10/15;76.67;77.18;74.56;77.01;1536622
FR0000131906;14/10/15;75.73;77.63;74.76;76.03;1588839
FR0000131906;15/10/15;76.85;79.27;76.80;78.54;1598335
FR0000131906;16/10/15;79.45;79.50;77.36;77.55;1783625
FR0000131906;19/10/15;77.39;79.06;77.27;78.10;875369
FR0000131906;20/10/15;78.05;78.57;76.28;78.04;1155622
FR0000131906;21/10/15;78.56;79.49;77.16;78.92;1255141
FR0000131906;22/10/15;78.66;81.79;77.68;81.17;1570616
FR0000131906;23/10/15;82.03;84.10;81.85;82.72;1486046
FR0000131906;26/10/15;82.64;82.78;81.18;81.84;1019869
FR0000131906;27/10/15;83.60;84.38;81.50;81.50;1414576
FR0000131906;28/10/15;81.00;81.76;80.31;81.40;1352080
FR0000131906;29/10/15;82.02;83.18;80.88;81.45;1156853
FR0000131906;30/10/15;83.08;87.58;83.07;85.73;2589459
FR0000131906;02/11/15;85.23;89.93;85.23;89.35;1987793
FR0000131906;03/11/15;89.50;90.24;87.55;90.24;1852981
FR0000131906;04/11/15;89.92;95.19;88.07;91.00;3419242
FR0000131906;05/11/15;91.50;93.52;91.02;92.88;1655022
FR0000131906;06/11/15;92.84;93.90;90.90;92.98;1175479
FR0000131906;09/11/15;90.90;91.36;89.61;89.72;1482734
FR0000131906;10/11/15;90.33;90.48;88.62;90.17;1514710
FR0000131906;11/11/15;90.53;91.14;89.41;90.00;839669
FR0000131906;12/11/15;89.77;89.90;88.30;89.07;998504
FR0000131906;13/11/15;88.79;90.70;88.06;89.70;940762
FR0000131906;16/11/15;88.14;90.46;87.05;89.86;774468
FR0000131906;17/11/15;90.76;92.20;89.84;91.79;778604
FR0000131906;18/11/15;91.35;92.55;90.56;92.02;618166
FR0000131906;19/11/15;92.88;93.39;91.93;92.57;671538
FR0000131906;20/11/15;93.00;93.69;92.53;93.02;692161
FR0000131906;23/11/15;92.40;93.38;91.63;93.29;516247
FR0000131906;24/11/15;93.08;93.46;90.60;91.23;1498951
FR0000131906;25/11/15;90.60;90.70;87.53;90.53;2162776
FR0000131906;26/11/15;90.64;94.00;90.63;93.68;1197768
FR0000131906;27/11/15;93.31;94.42;92.89;94.08;726545
FR0000131906;30/11/15;94.00;95.87;93.65;95.51;924103
FR0000131906;01/12/15;98.00;98.14;94.85;95.06;1324696
FR0000131906;02/12/15;94.50;95.77;93.02;94.79;1027535
FR0000131906;03/12/15;94.67;96.50;91.17;91.44;1367170
FR0000131906;04/12/15;91.32;93.19;90.70;92.85;1069296
FR0000131906;07/12/15;93.77;95.75;92.95;94.35;1073251
FR0000131906;08/12/15;94.61;94.80;91.55;92.19;875430
FR0000131906;09/12/15;92.07;93.32;90.94;92.03;947432
FR0000131906;10/12/15;91.79;94.22;91.23;92.74;1067343
FR0000131906;11/12/15;92.00;92.01;86.31;87.84;2414604
FR0000131906;14/12/15;88.84;88.98;85.29;85.50;1133305
FR0000131906;15/12/15;86.70;88.53;86.31;87.98;1358159
FR0000131906;16/12/15;88.68;89.89;87.27;88.86;1002378
FR0000131906;17/12/15;91.04;92.49;90.95;91.42;1044005
FR0000131906;18/12/15;90.77;92.59;90.34;91.92;1534786
FR0000131906;21/12/15;91.79;93.79;91.24;91.62;701475
FR0000131906;22/12/15;92.69;93.18;90.66;91.88;732341
FR0000131906;23/12/15;92.72;94.55;92.68;94.34;638046
FR0000131906;24/12/15;94.03;95.25;94.03;95.25;126541
FR0000131906;28/12/15;94.17;94.36;93.21;93.40;381890
FR0000131906;29/12/15;93.78;95.07;93.57;94.32;465564
FR0000131906;30/12/15;94.04;94.53;93.38;94.33;443619
FR0000131906;31/12/15;94.23;94.23;92.27;92.63;172802
FR0000131906;04/01/16;91.49;91.52;88.52;89.26;1097791
FR0000131906;05/01/16;89.42;90.57;87.85;89.44;864927
FR0000131906;06/01/16;89.86;89.86;85.80;87.41;940138
FR0000131906;07/01/16;84.37;85.95;83.36;85.47;917556
FR0000131906;08/01/16;86.46;88.14;83.77;83.77;1153644
FR0000131906;11/01/16;83.60;86.50;83.11;84.76;755684
FR0000131906;12/01/16;84.90;88.10;84.90;87.22;786090
FR0000131906;13/01/16;88.47;89.53;86.17;86.66;642318
FR0000131906;14/01/16;85.30;85.42;67.00;77.75;7084347
FR0000131906;15/01/16;80.00;80.55;73.28;75.13;2284620
FR0000131906;18/01/16;75.13;76.90;71.57;74.17;1259443
FR0000131906;19/01/16;75.68;77.00;71.95;76.62;1845631
FR0000131906;20/01/16;74.90;76.36;73.21;74.50;1304015
FR0000131906;21/01/16;74.74;78.56;74.20;77.77;1578994
FR0000131906;22/01/16;80.10;80.75;78.74;79.08;1478616
FR0000131906;25/01/16;79.80;80.65;77.82;78.66;746715
FR0000131906;26/01/16;77.43;81.21;76.95;80.94;935260
FR0000131906;27/01/16;80.95;81.59;79.14;81.29;850496
FR0000131906;28/01/16;80.95;82.00;77.39;77.88;1069806
FR0000131906;29/01/16;79.57;79.88;75.87;77.93;1097072
FR0000131906;01/02/16;78.64;79.41;77.29;78.64;948724
FR0000131906;02/02/16;78.35;78.66;76.23;77.16;1029728
FR0000131906;03/02/16;76.69;77.07;73.37;75.37;1488251
FR0000131906;04/02/16;75.95;76.77;71.70;72.88;1782728
FR0000131906;05/02/16;73.28;74.82;72.20;73.42;1319867
FR0000131906;08/02/16;73.80;74.31;68.38;69.22;1297214
FR0000131906;09/02/16;69.11;69.99;66.70;68.99;1402673
FR0000131906;10/02/16;70.35;73.20;70.20;71.67;1375547
FR0000131906;11/02/16;71.00;71.00;67.90;68.85;1471199
FR0000131906;12/02/16;71.89;72.30;66.15;68.33;2062204
FR0000131906;15/02/16;72.00;73.83;70.80;73.57;1433507
FR0000131906;16/02/16;74.16;75.44;71.66;74.06;1329425
FR0000131906;17/02/16;74.38;80.56;74.24;79.93;1730793
FR0000131906;18/02/16;80.55;81.90;78.78;80.61;1308605
FR0000131906;19/02/16;79.70;80.24;78.41;79.53;1099828
FR0000131906;22/02/16;80.52;81.72;80.46;81.38;748828
FR0000131906;23/02/16;80.57;81.29;79.83;80.26;783612
FR0000131906;24/02/16;80.12;80.54;76.53;77.94;1129135
FR0000131906;25/02/16;79.57;79.85;76.86;78.71;855615
FR0000131906;26/02/16;79.94;82.97;79.23;82.77;1457775
FR0000131906;29/02/16;81.90;84.58;81.13;84.14;1247479
FR0000131906;01/03/16;83.55;85.80;83.00;85.62;986590
FR0000131906;02/03/16;86.75;87.20;85.75;86.62;1049626
FR0000131906;03/03/16;86.79;86.92;85.04;86.32;798206
FR0000131906;04/03/16;86.72;87.28;85.06;86.96;1154175
FR0000131906;07/03/16;86.65;88.40;86.30;87.50;672129
FR0000131906;08/03/16;86.32;86.32;83.39;83.70;1073537
FR0000131906;09/03/16;83.64;84.23;82.56;83.40;939553
FR0000131906;10/03/16;83.45;84.39;79.36;79.38;1768480
FR0000131906;11/03/16;80.65;82.63;79.54;82.43;1139731
FR0000131906;14/03/16;82.99;84.61;82.71;84.22;763663
FR0000131906;15/03/16;83.64;84.46;83.06;84.05;648762
FR0000131906;16/03/16;84.66;86.31;84.64;86.03;880834
FR0000131906;17/03/16;86.89;87.14;83.01;85.00;868518
FR0000131906;18/03/16;85.31;86.29;84.67;85.75;936203
FR0000131906;21/03/16;85.35;87.10;84.76;85.51;631009
FR0000131906;22/03/16;85.41;88.07;84.40;88.07;1131769
FR0000131906;23/03/16;88.52;88.93;86.43;87.05;686344
FR0000131906;24/03/16;86.50;86.53;84.60;84.60;556414
FR0000131906;29/03/16;85.35;85.81;84.48;85.54;538493
FR0000131906;30/03/16;85.73;88.36;85.62;87.84;892792
FR0000131906;31/03/16;87.24;88.15;86.60;87.32;789084
FR0000131906;01/04/16;86.00;86.43;84.27;85.24;802403
FR0000131906;04/04/16;85.04;86.50;84.25;86.03;749350
FR0000131906;05/04/16;84.72;84.72;81.58;81.82;1069946
FR0000131906;06/04/16;82.16;83.20;80.22;82.03;945341
FR0000131906;07/04/16;82.53;82.61;79.61;80.14;1226967
FR0000131906;08/04/16;80.55;82.51;80.55;81.80;795341
FR0000131906;11/04/16;81.52;83.12;80.46;82.40;696631
FR0000131906;12/04/16;82.75;83.97;81.66;83.89;729090
FR0000131906;13/04/16;85.36;87.00;85.06;86.95;931837
FR0000131906;14/04/16;87.00;88.10;86.33;88.10;984326
FR0000131906;15/04/16;87.43;88.45;86.35;86.47;945224
FR0000131906;18/04/16;85.10;88.39;84.87;88.03;1028149
FR0000131906;19/04/16;88.10;90.24;87.54;90.00;1241095
FR0000131906;20/04/16;89.29;89.98;86.30;89.05;2231160
FR0000131906;21/04/16;89.40;90.58;87.55;87.71;1048963
FR0000131906;22/04/16;87.01;88.07;85.37;87.34;1307673
FR0000131906;25/04/16;87.36;88.59;86.37;88.00;929663
FR0000131906;26/04/16;88.16;89.07;87.77;88.43;761696
FR0000131906;27/04/16;88.68;89.40;87.81;88.51;612130
FR0000131906;28/04/16;86.50;88.26;86.09;88.26;819407
FR0000131906;29/04/16;87.34;87.78;84.28;84.28;1314441
FR0000131906;02/05/16;84.00;84.90;83.51;84.23;624057
FR0000131906;03/05/16;83.91;84.00;81.91;81.95;972731
FR0000131906;04/05/16;81.90;82.49;81.18;81.36;767507
FR0000131906;05/05/16;81.60;81.78;80.07;80.43;505661
FR0000131906;06/05/16;80.13;81.85;79.72;81.03;795744
FR0000131906;09/05/16;81.87;82.39;80.25;80.63;1085183
FR0000131906;10/05/16;81.50;82.88;81.31;82.26;1235948
FR0000131906;11/05/16;82.26;82.49;81.10;81.28;756482
FR0000131906;12/05/16;80.71;83.05;80.10;82.18;1313586
FR0000131906;13/05/16;80.10;81.11;79.93;80.75;1112425
FR0000131906;16/05/16;80.17;80.37;79.05;80.25;461565
FR0000131906;17/05/16;80.60;80.68;77.52;77.80;1672579
FR0000131906;18/05/16;77.53;78.32;76.74;77.93;1204060
FR0000131906;19/05/16;77.57;79.65;77.03;79.05;974308
FR0000131906;20/05/16;79.71;80.14;78.90;79.89;979711
FR0000131906;23/05/16;80.00;80.28;78.52;78.98;881393
FR0000131906;24/05/16;78.63;81.69;77.85;81.62;867416
FR0000131906;25/05/16;82.42;83.82;82.05;83.13;790611
FR0000131906;26/05/16;82.79;85.34;82.61;85.34;1012950
FR0000131906;27/05/16;85.07;85.23;83.67;83.94;775479
FR0000131906;30/05/16;84.00;85.27;84.00;85.15;374426
FR0000131906;31/05/16;85.15;85.60;83.85;84.34;1010062
FR0000131906;01/06/16;84.21;84.40;82.53;83.07;984791
FR0000131906;02/06/16;83.06;84.47;82.43;83.51;779796
FR0000131906;03/06/16;84.17;84.21;80.23;80.28;1365476
FR0000131906;06/06/16;80.41;80.79;79.91;80.38;1164409
FR0000131906;07/06/16;80.87;83.05;80.67;82.90;904817
FR0000131906;08/06/16;82.78;82.92;81.40;81.50;657162
FR0000131906;09/06/16;81.36;81.43;79.50;79.57;670190
FR0000131906;10/06/16;79.45;79.47;77.65;78.09;648326
FR0000131906;13/06/16;76.68;77.09;75.56;76.14;827289
FR0000131906;14/06/16;75.56;75.56;73.42;74.32;1368497
FR0000131906;15/06/16;75.06;75.68;74.13;74.13;861509
FR0000131906;16/06/16;73.15;74.90;72.52;74.55;1082986
FR0000131906;17/06/16;75.39;76.99;74.96;76.18;1084513
FR0000131906;20/06/16;78.76;79.22;77.80;78.87;1042831
FR0000131906;21/06/16;78.65;79.66;77.94;78.76;715481
FR0000131906;22/06/16;79.20;79.73;78.23;78.23;672979
FR0000131906;23/06/16;78.60;81.60;78.43;81.60;1122253
FR0000131906;24/06/16;67.48;74.82;65.50;70.49;4954151
FR0000131906;27/06/16;70.69;70.91;65.34;66.23;2224870
FR0000131906;28/06/16;69.17;69.93;68.19;68.32;1617269
FR0000131906;29/06/16;68.71;69.85;67.02;68.33;1597449
FR0000131906;30/06/16;68.46;68.87;67.22;68.44;1258593
FR0000131906;01/07/16;68.94;72.53;68.80;71.68;1486646
FR0000131906;04/07/16;72.36;72.38;69.00;69.13;837971
FR0000131906;05/07/16;68.54;68.79;66.25;66.55;1170437
FR0000131906;06/07/16;65.88;66.30;63.64;65.36;1773247
FR0000131906;07/07/16;65.66;68.45;65.66;65.80;1411049
FR0000131906;08/07/16;65.89;69.96;65.67;69.57;1150811
FR0000131906;11/07/16;69.55;71.38;69.25;71.17;939603
FR0000131906;12/07/16;71.90;74.68;71.64;74.09;1250834
FR0000131906;13/07/16;73.99;74.73;73.00;73.54;863342
FR0000131906;14/07/16;74.50;75.47;74.29;74.92;815936
FR0000131906;15/07/16;74.47;75.17;73.68;74.39;662268
FR0000131906;18/07/16;74.50;75.95;74.10;75.03;758969
FR0000131906;19/07/16;74.90;75.37;73.12;74.22;832051
FR0000131906;20/07/16;74.87;76.62;74.19;76.34;832668
FR0000131906;21/07/16;76.61;77.86;75.81;76.91;1063600
FR0000131906;22/07/16;76.56;76.97;74.78;75.49;843004
FR0000131906;25/07/16;75.69;77.50;75.14;76.42;799935
FR0000131906;26/07/16;76.22;77.49;75.69;76.99;872957
FR0000131906;27/07/16;78.01;79.98;78.00;79.58;1560712
FR0000131906;28/07/16;78.90;78.90;75.82;76.13;1935936
FR0000131906;29/07/16;77.07;78.42;77.02;78.25;1103047
FR0000131906;01/08/16;78.95;79.29;76.58;77.39;809241
FR0000131906;02/08/16;76.85;77.34;74.33;74.76;1153446
FR0000131906;03/08/16;74.79;74.99;72.60;73.90;1291574
FR0000131906;04/08/16;74.50;75.47;73.74;74.20;772289
FR0000131906;05/08/16;74.61;77.11;74.41;77.11;939030
FR0000131906;08/08/16;77.65;77.93;76.06;76.54;737789
FR0000131906;09/08/16;76.49;77.27;75.67;77.14;736965
FR0000131906;10/08/16;76.24;76.74;75.76;75.88;713162
FR0000131906;11/08/16;76.49;77.22;75.54;76.88;719700
FR0000131906;12/08/16;76.73;77.37;75.66;76.00;538243
FR0000131906;15/08/16;76.26;77.52;76.09;76.89;468984
FR0000131906;16/08/16;76.00;76.00;74.35;74.43;912335
FR0000131906;17/08/16;74.50;74.81;73.09;73.43;670603
FR0000131906;18/08/16;74.04;74.07;73.14;73.69;464526
FR0000131906;19/08/16;73.79;73.79;72.25;73.20;680501
FR0000131906;22/08/16;73.10;74.53;72.99;73.86;573453
FR0000131906;23/08/16;71.71;73.76;71.43;73.00;1288916
FR0000131906;24/08/16;72.51;73.74;71.88;73.21;559387
FR0000131906;25/08/16;73.12;73.25;72.10;72.28;877244
FR0000131906;26/08/16;72.11;73.97;72.10;73.05;680763
FR0000131906;29/08/16;72.79;73.28;72.09;72.55;439415
FR0000131906;30/08/16;73.01;73.90;72.78;73.36;573720
FR0000131906;31/08/16;73.31;74.29;73.04;73.31;721149
FR0000131906;01/09/16;73.77;75.70;72.41;72.78;1230167
FR0000131906;02/09/16;73.35;74.36;72.13;74.22;937650
FR0000131906;05/09/16;74.52;75.28;73.85;74.95;758791
FR0000131906;06/09/16;75.17;75.59;74.37;74.54;567424
FR0000131906;07/09/16;74.25;74.90;73.16;74.62;807715
FR0000131906;08/09/16;74.80;75.50;73.15;74.36;762853
FR0000131906;09/09/16;74.18;75.10;73.42;73.85;510226
FR0000131906;12/09/16;72.11;72.84;71.50;72.74;803491
FR0000131906;13/09/16;73.16;73.56;71.98;72.02;633696
FR0000131906;14/09/16;72.30;72.31;70.71;70.90;877105
FR0000131906;15/09/16;70.90;71.79;70.21;71.04;807955
FR0000131906;16/09/16;70.86;71.40;69.12;69.36;1442597
FR0000131906;19/09/16;70.21;71.50;70.21;71.01;764357
FR0000131906;20/09/16;71.04;71.62;70.49;70.52;619494
FR0000131906;21/09/16;71.47;72.48;71.42;71.93;801668
FR0000131906;22/09/16;72.52;74.08;72.39;73.72;739907
FR0000131906;23/09/16;73.35;73.35;72.25;72.38;686746
FR0000131906;26/09/16;71.99;71.99;70.55;70.74;644816
FR0000131906;27/09/16;71.61;72.28;70.16;71.24;784987
FR0000131906;28/09/16;71.47;73.13;71.47;72.60;830649
FR0000131906;29/09/16;73.73;73.95;72.08;72.23;766240
FR0000131906;30/09/16;71.05;73.38;70.02;73.14;974788
FR0000131906;03/10/16;73.00;73.59;72.54;73.50;444447
FR0000131906;04/10/16;73.66;75.94;73.55;75.58;1457847
FR0000131906;05/10/16;74.54;77.06;74.08;76.67;1088813
FR0000131906;06/10/16;77.00;77.63;76.23;76.60;793769
FR0000131906;07/10/16;76.65;76.66;75.13;75.90;997296
FR0000131906;10/10/16;75.89;76.99;75.51;76.67;732929
FR0000131906;11/10/16;76.78;77.28;76.13;76.27;917892
FR0000131906;12/10/16;76.29;77.07;75.46;75.50;843944
FR0000131906;13/10/16;75.00;75.05;73.71;74.07;935213
FR0000131906;14/10/16;74.86;76.61;74.41;75.75;977072
FR0000131906;17/10/16;75.33;76.59;75.07;76.04;534597
FR0000131906;18/10/16;76.41;76.91;75.80;76.67;635380
FR0000131906;19/10/16;76.83;77.97;76.17;77.43;907534
FR0000131906;20/10/16;77.00;78.06;76.60;77.59;840103
FR0000131906;21/10/16;77.63;78.15;76.73;76.88;790337
FR0000131906;24/10/16;77.29;78.36;77.19;77.49;857317
FR0000131906;25/10/16;77.98;78.12;76.31;76.71;768745
FR0000131906;26/10/16;75.00;79.41;74.50;79.14;1623023
FR0000131906;27/10/16;78.94;79.60;78.35;79.36;861932
FR0000131906;28/10/16;78.75;79.79;78.02;79.40;863651
FR0000131906;31/10/16;79.20;79.58;78.64;79.11;622073
FR0000131906;01/11/16;79.45;79.54;76.92;77.38;1173892
FR0000131906;02/11/16;76.55;76.73;74.53;74.87;1017148
FR0000131906;03/11/16;75.04;77.16;74.51;75.47;1118500
FR0000131906;04/11/16;75.38;75.47;74.27;75.01;759242
