FR0003500008;04/11/13;4286.29;4296.07;4276.81;4288.59;2002703
FR0003500008;05/11/13;4294.39;4296.95;4232.96;4253.34;2979833
FR0003500008;06/11/13;4266.47;4299.87;4265.51;4286.93;2722649
FR0003500008;07/11/13;4282.68;4356.28;4269.29;4280.99;4265527
FR0003500008;08/11/13;4252.30;4267.75;4211.82;4260.44;3330181
FR0003500008;11/11/13;4263.88;4296.02;4253.47;4290.14;1824279
FR0003500008;12/11/13;4288.68;4297.94;4263.78;4263.78;2127190
FR0003500008;13/11/13;4249.35;4266.45;4213.21;4239.94;2537506
FR0003500008;14/11/13;4285.86;4294.15;4257.51;4283.91;3022016
FR0003500008;15/11/13;4282.95;4299.67;4271.55;4292.23;3058799
FR0003500008;18/11/13;4287.43;4336.61;4277.21;4320.68;2629422
FR0003500008;19/11/13;4303.18;4303.18;4264.33;4272.29;2286695
FR0003500008;20/11/13;4262.90;4290.82;4248.58;4268.37;2360744
FR0003500008;21/11/13;4246.71;4266.06;4222.31;4253.90;2396261
FR0003500008;22/11/13;4265.02;4285.03;4250.78;4278.53;2340381
FR0003500008;25/11/13;4297.50;4307.98;4290.78;4301.97;2110422
FR0003500008;26/11/13;4295.91;4304.87;4277.57;4277.57;2853324
FR0003500008;27/11/13;4286.84;4303.97;4276.79;4293.06;2835315
FR0003500008;28/11/13;4289.43;4311.81;4289.43;4302.42;1561602
FR0003500008;29/11/13;4297.96;4310.66;4294.39;4295.21;2025851
FR0003500008;02/12/13;4296.40;4309.31;4273.42;4285.81;2266389
FR0003500008;03/12/13;4276.65;4277.27;4172.44;4172.44;3454641
FR0003500008;04/12/13;4185.51;4192.53;4120.10;4148.52;3245973
FR0003500008;05/12/13;4139.70;4157.05;4099.91;4099.91;3262762
FR0003500008;06/12/13;4110.85;4140.68;4082.14;4129.37;3181858
FR0003500008;09/12/13;4142.91;4142.91;4109.92;4134.10;2409554
FR0003500008;10/12/13;4126.55;4144.80;4091.14;4091.14;2645265
FR0003500008;11/12/13;4094.98;4127.97;4085.63;4086.86;2985585
FR0003500008;12/12/13;4075.85;4090.19;4056.37;4069.12;2820876
FR0003500008;13/12/13;4068.29;4085.80;4053.41;4059.71;2407676
FR0003500008;16/12/13;4051.96;4128.98;4051.25;4119.88;2982348
FR0003500008;17/12/13;4100.01;4100.01;4068.64;4068.64;2749041
FR0003500008;18/12/13;4087.57;4109.51;4074.28;4109.51;2926514
FR0003500008;19/12/13;4146.44;4184.33;4143.60;4177.03;3831242
FR0003500008;20/12/13;4178.49;4200.31;4166.53;4193.77;5594906
FR0003500008;23/12/13;4201.55;4215.29;4187.95;4215.29;1964848
FR0003500008;24/12/13;4213.13;4229.68;4209.42;4218.41;460043
FR0003500008;27/12/13;4245.72;4279.28;4237.20;4277.65;2084527
FR0003500008;30/12/13;4282.39;4289.53;4267.63;4275.71;1801275
FR0003500008;31/12/13;4281.02;4297.23;4281.02;4295.95;551218
FR0003500008;02/01/14;4309.16;4312.59;4226.66;4227.28;2580869
FR0003500008;03/01/14;4239.11;4258.89;4228.85;4247.65;1662069
FR0003500008;06/01/14;4240.68;4261.34;4221.71;4227.54;2052437
FR0003500008;07/01/14;4233.06;4266.96;4215.59;4262.68;2866624
FR0003500008;08/01/14;4268.21;4272.07;4245.56;4260.96;3220090
FR0003500008;09/01/14;4258.91;4278.11;4216.07;4225.14;3456637
FR0003500008;10/01/14;4246.92;4269.38;4233.29;4250.60;3195260
FR0003500008;13/01/14;4262.75;4268.72;4246.72;4263.27;2540049
FR0003500008;14/01/14;4225.75;4274.20;4213.57;4274.20;2944766
FR0003500008;15/01/14;4288.35;4332.07;4283.11;4332.07;3400963
FR0003500008;16/01/14;4332.71;4334.96;4312.83;4319.27;3340329
FR0003500008;17/01/14;4323.56;4341.86;4312.86;4327.50;3796695
FR0003500008;20/01/14;4321.07;4333.32;4314.05;4322.86;2042388
FR0003500008;21/01/14;4326.91;4351.21;4317.05;4323.87;3031393
FR0003500008;22/01/14;4337.62;4347.02;4308.07;4324.98;2702204
FR0003500008;23/01/14;4319.20;4339.13;4266.98;4280.96;3310336
FR0003500008;24/01/14;4284.52;4292.14;4154.95;4161.47;4925847
FR0003500008;27/01/14;4165.14;4172.28;4137.96;4144.56;3589526
FR0003500008;28/01/14;4170.40;4198.20;4153.82;4185.29;3504176
FR0003500008;29/01/14;4220.54;4245.96;4106.53;4156.98;4443587
FR0003500008;30/01/14;4160.18;4195.54;4123.66;4180.02;3267623
FR0003500008;31/01/14;4194.72;4194.72;4098.71;4165.72;4390870
FR0003500008;03/02/14;4159.99;4184.95;4104.66;4107.75;3361519
FR0003500008;04/02/14;4091.70;4132.29;4080.60;4117.45;3365338
FR0003500008;05/02/14;4110.78;4136.61;4098.69;4117.79;3153354
FR0003500008;06/02/14;4138.97;4200.58;4122.75;4188.10;4758238
FR0003500008;07/02/14;4198.67;4228.90;4171.68;4228.18;3622159
FR0003500008;10/02/14;4248.03;4251.38;4229.07;4237.13;2876831
FR0003500008;11/02/14;4252.89;4283.32;4247.37;4283.32;3887024
FR0003500008;12/02/14;4295.61;4324.32;4288.01;4305.50;3542589
FR0003500008;13/02/14;4291.74;4316.29;4275.24;4312.80;3725027
FR0003500008;14/02/14;4319.60;4340.38;4304.99;4340.14;3178075
FR0003500008;17/02/14;4346.29;4352.54;4330.00;4335.17;1769219
FR0003500008;18/02/14;4342.41;4342.41;4304.66;4330.71;2809696
FR0003500008;19/02/14;4321.18;4352.72;4312.80;4341.10;2924214
FR0003500008;20/02/14;4294.16;4356.65;4290.47;4355.49;3706011
FR0003500008;21/02/14;4370.17;4383.15;4353.15;4381.06;3304278
FR0003500008;24/02/14;4373.57;4419.13;4373.57;4419.13;2749623
FR0003500008;25/02/14;4405.93;4416.16;4383.24;4414.55;3016696
FR0003500008;26/02/14;4414.11;4420.94;4381.19;4396.91;3322081
FR0003500008;27/02/14;4399.67;4408.23;4354.95;4396.39;3843418
FR0003500008;28/02/14;4402.98;4413.65;4367.96;4408.08;3499293
FR0003500008;03/03/14;4338.39;4346.95;4288.44;4290.87;4713273
FR0003500008;04/03/14;4339.53;4399.81;4337.35;4395.90;3878823
FR0003500008;05/03/14;4384.41;4402.12;4377.65;4391.25;3391310
FR0003500008;06/03/14;4408.55;4431.16;4402.16;4417.04;3737017
FR0003500008;07/03/14;4416.43;4432.50;4364.20;4366.42;3905331
FR0003500008;10/03/14;4363.02;4417.80;4346.83;4370.84;3293340
FR0003500008;11/03/14;4384.69;4386.73;4343.95;4349.72;2775737
FR0003500008;12/03/14;4322.77;4327.85;4273.38;4306.26;3514550
FR0003500008;13/03/14;4315.37;4319.64;4250.51;4250.51;3149113
FR0003500008;14/03/14;4220.48;4236.58;4183.00;4216.37;4940662
FR0003500008;17/03/14;4215.42;4277.06;4211.62;4271.96;2837816
FR0003500008;18/03/14;4264.42;4341.84;4250.47;4313.26;3603967
FR0003500008;19/03/14;4313.43;4329.48;4295.06;4308.06;2979347
FR0003500008;20/03/14;4275.26;4328.18;4261.42;4327.91;3888143
FR0003500008;21/03/14;4331.30;4353.39;4323.27;4335.28;5251977
FR0003500008;24/03/14;4322.34;4332.17;4266.98;4276.34;3191864
FR0003500008;25/03/14;4288.88;4351.61;4288.88;4344.12;3186544
FR0003500008;26/03/14;4357.45;4398.48;4353.86;4385.15;3166557
FR0003500008;27/03/14;4373.73;4390.17;4359.29;4379.06;2890313
FR0003500008;28/03/14;4392.95;4411.38;4388.16;4411.26;2719273
FR0003500008;31/03/14;4426.84;4430.90;4390.77;4391.50;2734241
FR0003500008;01/04/14;4409.34;4440.04;4401.29;4426.72;3136750
FR0003500008;02/04/14;4428.79;4438.63;4421.50;4430.86;2573985
FR0003500008;03/04/14;4431.11;4469.84;4417.35;4449.33;2957027
FR0003500008;04/04/14;4459.39;4496.54;4447.00;4484.55;3409263
FR0003500008;07/04/14;4453.00;4464.04;4432.29;4436.08;3669650
FR0003500008;08/04/14;4444.02;4448.43;4384.66;4424.83;4351924
FR0003500008;09/04/14;4431.96;4454.74;4426.39;4442.68;2876179
FR0003500008;10/04/14;4457.78;4466.19;4408.61;4413.49;3393260
FR0003500008;11/04/14;4378.95;4384.03;4333.87;4365.86;3916537
FR0003500008;14/04/14;4345.82;4384.56;4319.28;4384.56;3561165
FR0003500008;15/04/14;4380.87;4404.04;4344.03;4345.35;3430865
FR0003500008;16/04/14;4389.75;4405.66;4375.05;4405.66;3205607
FR0003500008;17/04/14;4413.36;4432.64;4392.06;4431.81;3177136
FR0003500008;22/04/14;4450.85;4488.05;4443.90;4484.21;3098436
FR0003500008;23/04/14;4480.17;4480.62;4449.01;4451.08;2998625
FR0003500008;24/04/14;4478.27;4499.32;4440.63;4479.54;4267700
FR0003500008;25/04/14;4459.17;4473.48;4431.38;4443.63;2985907
FR0003500008;28/04/14;4455.05;4477.62;4444.46;4460.53;2658443
FR0003500008;29/04/14;4475.11;4504.14;4449.94;4497.68;3627631
FR0003500008;30/04/14;4484.76;4491.29;4470.75;4487.39;4354383
FR0003500008;02/05/14;4473.57;4485.10;4447.44;4458.17;3571642
FR0003500008;05/05/14;4452.89;4467.37;4400.91;4462.69;2422905
FR0003500008;06/05/14;4475.48;4477.86;4420.71;4428.07;2915219
FR0003500008;07/05/14;4414.39;4453.22;4402.78;4446.44;3866706
FR0003500008;08/05/14;4457.02;4507.24;4440.86;4507.24;3889026
FR0003500008;09/05/14;4492.54;4496.67;4465.77;4477.28;3373132
FR0003500008;12/05/14;4466.13;4495.72;4463.05;4493.65;3042572
FR0003500008;13/05/14;4504.22;4511.35;4492.46;4505.02;3542473
FR0003500008;14/05/14;4506.56;4506.56;4489.41;4501.04;2837461
FR0003500008;15/05/14;4498.66;4512.62;4438.49;4444.93;4246052
FR0003500008;16/05/14;4446.20;4456.31;4418.59;4456.28;4075305
FR0003500008;19/05/14;4447.42;4476.41;4418.05;4469.76;3112239
FR0003500008;20/05/14;4459.72;4473.10;4445.73;4452.35;2643264
FR0003500008;21/05/14;4436.59;4473.28;4424.69;4469.03;2944170
FR0003500008;22/05/14;4474.21;4481.98;4451.78;4478.21;2624086
FR0003500008;23/05/14;4480.22;4495.76;4468.89;4493.15;2269574
FR0003500008;26/05/14;4503.60;4526.93;4496.43;4526.93;1494075
FR0003500008;27/05/14;4515.83;4536.48;4511.46;4529.75;2537170
FR0003500008;28/05/14;4527.92;4536.83;4517.88;4531.63;2617952
FR0003500008;29/05/14;4524.21;4533.50;4515.46;4530.51;1834080
FR0003500008;30/05/14;4510.40;4524.92;4495.79;4519.57;4330942
FR0003500008;02/06/14;4523.56;4529.35;4502.12;4515.89;2497561
FR0003500008;03/06/14;4513.28;4516.02;4499.00;4503.69;2290891
FR0003500008;04/06/14;4496.30;4508.26;4470.47;4501.00;2669207
FR0003500008;05/06/14;4504.06;4577.70;4487.48;4548.73;4044852
FR0003500008;06/06/14;4552.45;4586.68;4539.53;4581.12;3538397
FR0003500008;09/06/14;4582.60;4590.66;4570.41;4589.12;1790997
FR0003500008;10/06/14;4588.14;4598.65;4579.06;4595.00;2559805
FR0003500008;11/06/14;4580.73;4583.64;4552.63;4555.11;3679640
FR0003500008;12/06/14;4551.19;4573.98;4545.22;4554.40;2774343
FR0003500008;13/06/14;4549.45;4555.86;4506.93;4543.28;2869696
FR0003500008;16/06/14;4525.68;4540.68;4509.52;4510.05;2605845
FR0003500008;17/06/14;4524.89;4538.24;4508.46;4536.07;2602503
FR0003500008;18/06/14;4540.63;4550.93;4529.53;4530.37;2417921
FR0003500008;19/06/14;4565.81;4581.95;4558.07;4563.04;3768453
FR0003500008;20/06/14;4556.26;4574.92;4541.34;4541.34;6060071
FR0003500008;23/06/14;4540.52;4540.52;4494.36;4515.57;2798201
FR0003500008;24/06/14;4529.54;4536.11;4513.10;4518.34;2583176
FR0003500008;25/06/14;4494.36;4496.67;4448.27;4460.60;3371466
FR0003500008;26/06/14;4470.78;4473.43;4412.18;4439.63;3162437
FR0003500008;27/06/14;4447.17;4461.47;4426.59;4436.98;2452656
FR0003500008;30/06/14;4443.03;4457.57;4407.18;4422.84;2960314
FR0003500008;01/07/14;4438.77;4462.43;4430.26;4461.12;3170736
FR0003500008;02/07/14;4460.62;4467.79;4436.11;4444.72;3040669
FR0003500008;03/07/14;4446.70;4490.72;4437.36;4489.88;3295177
FR0003500008;04/07/14;4482.22;4489.81;4468.98;4468.98;1959884
FR0003500008;07/07/14;4453.76;4463.06;4404.24;4405.76;2380914
FR0003500008;08/07/14;4418.17;4423.78;4342.50;4342.53;2974063
FR0003500008;09/07/14;4353.53;4362.56;4329.14;4359.84;2889652
FR0003500008;10/07/14;4357.77;4357.77;4277.58;4301.26;3580760
FR0003500008;11/07/14;4309.65;4330.48;4299.37;4316.50;2668429
FR0003500008;14/07/14;4327.66;4355.76;4324.06;4350.04;2084978
FR0003500008;15/07/14;4344.50;4352.58;4303.47;4305.31;2840094
FR0003500008;16/07/14;4322.96;4374.22;4322.96;4369.06;2996437
FR0003500008;17/07/14;4345.98;4362.28;4311.12;4316.12;2899240
FR0003500008;18/07/14;4296.84;4335.31;4284.42;4335.31;2821222
FR0003500008;21/07/14;4334.62;4336.79;4295.36;4304.74;2327513
FR0003500008;22/07/14;4323.71;4373.70;4315.66;4369.52;2771878
FR0003500008;23/07/14;4360.20;4396.70;4356.30;4376.32;2435820
FR0003500008;24/07/14;4376.69;4415.29;4347.76;4410.65;2765827
FR0003500008;25/07/14;4390.85;4395.38;4317.49;4330.55;3127647
FR0003500008;28/07/14;4352.50;4358.47;4308.26;4344.77;2470851
FR0003500008;29/07/14;4349.43;4389.76;4332.30;4365.58;2759844
FR0003500008;30/07/14;4360.18;4378.70;4303.66;4312.30;3404291
FR0003500008;31/07/14;4335.20;4337.74;4238.27;4246.14;5129110
FR0003500008;01/08/14;4240.30;4243.07;4182.02;4202.78;5042012
FR0003500008;04/08/14;4222.78;4240.12;4204.66;4217.22;3259300
FR0003500008;05/08/14;4240.57;4252.68;4217.62;4232.88;3190061
FR0003500008;06/08/14;4207.20;4222.76;4169.80;4207.14;3478827
FR0003500008;07/08/14;4209.61;4209.61;4146.27;4149.83;3801149
FR0003500008;08/08/14;4114.09;4165.26;4109.31;4147.81;3597000
FR0003500008;11/08/14;4182.75;4206.27;4165.35;4197.70;2728198
FR0003500008;12/08/14;4188.05;4193.15;4150.90;4162.16;2629069
FR0003500008;13/08/14;4187.46;4204.38;4178.79;4194.79;2499972
FR0003500008;14/08/14;4176.93;4217.39;4166.18;4205.43;2439988
FR0003500008;15/08/14;4216.90;4256.34;4168.08;4174.36;3260116
FR0003500008;18/08/14;4227.88;4241.86;4211.38;4230.65;2103777
FR0003500008;19/08/14;4243.83;4258.83;4235.28;4254.45;1889392
FR0003500008;20/08/14;4250.28;4254.84;4216.96;4240.79;2028261
FR0003500008;21/08/14;4247.32;4292.93;4231.66;4292.93;2529479
FR0003500008;22/08/14;4291.06;4291.17;4233.15;4252.80;2464742
FR0003500008;25/08/14;4299.50;4342.11;4286.61;4342.11;2084629
FR0003500008;26/08/14;4336.29;4395.94;4333.12;4393.41;2927866
FR0003500008;27/08/14;4384.53;4401.52;4379.80;4395.26;2450690
FR0003500008;28/08/14;4385.71;4393.58;4352.93;4366.04;2956337
FR0003500008;29/08/14;4380.61;4393.60;4337.13;4381.04;3036268
FR0003500008;01/09/14;4383.62;4391.08;4358.26;4379.73;2030430
FR0003500008;02/09/14;4389.40;4403.22;4373.32;4378.33;2436716
FR0003500008;03/09/14;4394.66;4443.53;4394.07;4421.87;3497857
FR0003500008;04/09/14;4409.16;4509.58;4401.25;4494.94;4704383
FR0003500008;05/09/14;4492.91;4498.16;4470.20;4486.49;3291142
FR0003500008;08/09/14;4484.40;4489.02;4463.79;4474.93;2363528
FR0003500008;09/09/14;4465.10;4482.91;4446.04;4452.37;2607439
FR0003500008;10/09/14;4442.69;4459.78;4434.93;4450.79;2441250
FR0003500008;11/09/14;4463.00;4466.15;4411.07;4440.90;2748493
FR0003500008;12/09/14;4449.68;4452.31;4419.44;4441.70;2207931
FR0003500008;15/09/14;4425.63;4440.92;4418.73;4428.63;2417876
FR0003500008;16/09/14;4426.15;4426.15;4391.08;4409.15;2537266
FR0003500008;17/09/14;4432.65;4444.83;4421.94;4431.41;2867959
FR0003500008;18/09/14;4440.33;4470.48;4435.66;4464.70;3120294
FR0003500008;19/09/14;4491.54;4492.39;4451.91;4461.22;5155432
FR0003500008;22/09/14;4446.91;4464.31;4434.58;4442.55;2712559
FR0003500008;23/09/14;4430.30;4430.78;4351.30;4359.35;3524672
FR0003500008;24/09/14;4364.00;4416.63;4347.05;4413.72;3019545
FR0003500008;25/09/14;4413.64;4430.50;4346.71;4355.28;3699150
FR0003500008;26/09/14;4361.37;4411.99;4340.63;4394.75;2919803
FR0003500008;29/09/14;4389.83;4401.07;4334.01;4358.07;2641868
FR0003500008;30/09/14;4375.38;4435.07;4369.26;4416.24;3926801
FR0003500008;01/10/14;4400.61;4427.76;4354.14;4365.27;3412960
FR0003500008;02/10/14;4361.83;4371.06;4242.67;4242.67;4953202
FR0003500008;03/10/14;4280.22;4297.41;4260.63;4281.74;3112517
FR0003500008;06/10/14;4317.92;4319.31;4279.49;4286.52;2875713
FR0003500008;07/10/14;4277.41;4277.41;4208.66;4209.14;4064022
FR0003500008;08/10/14;4198.02;4213.11;4153.68;4168.12;3663186
FR0003500008;09/10/14;4222.98;4222.98;4123.18;4141.45;4075376
FR0003500008;10/10/14;4114.52;4125.13;4065.50;4073.71;4659421
FR0003500008;13/10/14;4033.74;4104.00;4030.57;4078.70;3357334
FR0003500008;14/10/14;4053.08;4097.90;4012.82;4088.25;3861992
FR0003500008;15/10/14;4090.48;4096.58;3933.16;3939.72;6027878
FR0003500008;16/10/14;3968.41;3987.14;3789.11;3918.62;7675597
FR0003500008;17/10/14;3934.19;4040.70;3916.80;4033.18;6386732
FR0003500008;20/10/14;4023.76;4030.15;3962.06;3991.24;3961253
FR0003500008;21/10/14;3968.79;4081.73;3965.46;4081.24;4184252
FR0003500008;22/10/14;4090.94;4110.48;4064.08;4105.09;3574703
FR0003500008;23/10/14;4086.02;4166.46;4047.32;4157.68;3985760
FR0003500008;24/10/14;4137.92;4153.07;4119.27;4128.90;3195628
FR0003500008;27/10/14;4170.84;4171.53;4065.93;4096.74;3432824
FR0003500008;28/10/14;4096.71;4127.87;4096.71;4112.67;4450579
FR0003500008;29/10/14;4126.97;4134.83;4106.14;4110.64;4007520
FR0003500008;30/10/14;4142.00;4151.11;4051.86;4141.24;4643746
FR0003500008;31/10/14;4213.47;4246.93;4181.96;4233.09;4931545
FR0003500008;03/11/14;4225.81;4238.46;4185.41;4194.03;3134090
FR0003500008;04/11/14;4177.20;4208.52;4118.50;4130.19;3706973
FR0003500008;05/11/14;4163.51;4214.35;4145.61;4208.42;3292029
FR0003500008;06/11/14;4193.48;4275.30;4180.32;4227.68;4452367
FR0003500008;07/11/14;4238.87;4239.56;4161.15;4189.89;3570478
FR0003500008;10/11/14;4184.18;4224.83;4174.98;4222.82;2792342
FR0003500008;11/11/14;4227.12;4252.92;4223.68;4244.10;2656939
FR0003500008;12/11/14;4232.34;4242.62;4175.29;4179.88;3293144
FR0003500008;13/11/14;4203.67;4220.74;4153.17;4187.95;3271017
FR0003500008;14/11/14;4208.11;4208.13;4164.79;4202.46;2837819
FR0003500008;17/11/14;4169.61;4239.11;4166.40;4226.10;2671401
FR0003500008;18/11/14;4230.41;4267.66;4223.32;4262.38;2965440
FR0003500008;19/11/14;4263.33;4289.17;4251.04;4266.19;2335804
FR0003500008;20/11/14;4264.61;4264.73;4201.47;4234.21;3199162
FR0003500008;21/11/14;4245.65;4356.11;4240.19;4347.23;5503884
FR0003500008;24/11/14;4355.97;4400.34;4348.83;4368.44;3469991
FR0003500008;25/11/14;4369.31;4403.55;4361.18;4382.31;3617877
FR0003500008;26/11/14;4382.88;4399.41;4364.59;4373.42;2475968
FR0003500008;27/11/14;4375.42;4396.20;4374.58;4382.34;2533054
FR0003500008;28/11/14;4378.32;4390.18;4353.60;4390.18;3119286
FR0003500008;01/12/14;4354.19;4383.19;4334.81;4377.33;2830091
FR0003500008;02/12/14;4396.75;4422.77;4373.03;4388.30;3038578
FR0003500008;03/12/14;4384.04;4405.83;4378.88;4391.86;2640519
FR0003500008;04/12/14;4399.94;4427.74;4310.69;4323.89;4448334
FR0003500008;05/12/14;4366.22;4422.85;4359.32;4419.48;3954226
FR0003500008;08/12/14;4400.17;4407.95;4375.48;4375.48;2455901
FR0003500008;09/12/14;4332.73;4342.12;4260.07;4263.94;4264844
FR0003500008;10/12/14;4280.34;4306.72;4216.18;4227.91;3587271
FR0003500008;11/12/14;4225.33;4249.12;4196.53;4225.86;3774353
FR0003500008;12/12/14;4197.48;4202.52;4103.49;4108.93;4040958
FR0003500008;15/12/14;4096.44;4144.31;4000.80;4005.38;4350629
FR0003500008;16/12/14;4027.51;4094.19;3926.34;4093.20;7026545
FR0003500008;17/12/14;4052.23;4131.81;4035.30;4111.91;4282602
FR0003500008;18/12/14;4186.26;4249.49;4159.95;4249.49;5198014
FR0003500008;19/12/14;4282.39;4291.20;4202.07;4241.65;6398552
FR0003500008;22/12/14;4255.88;4295.15;4239.36;4254.43;2402778
FR0003500008;23/12/14;4264.54;4314.97;4259.21;4314.97;2220728
FR0003500008;24/12/14;4309.75;4316.39;4295.02;4295.85;432238
FR0003500008;29/12/14;4301.66;4317.93;4249.95;4317.93;2115560
FR0003500008;30/12/14;4293.90;4296.02;4245.54;4245.54;1698054
FR0003500008;31/12/14;4256.17;4275.58;4255.33;4272.75;538287
FR0003500008;02/01/15;4294.05;4311.00;4224.34;4252.29;1996772
FR0003500008;05/01/15;4221.99;4276.92;4105.45;4111.36;4007688
FR0003500008;06/01/15;4129.89;4151.41;4076.16;4083.50;3643599
FR0003500008;07/01/15;4111.73;4144.95;4080.78;4112.73;3529121
FR0003500008;08/01/15;4176.16;4270.11;4163.63;4260.19;4307475
FR0003500008;09/01/15;4249.26;4272.83;4149.14;4179.07;3918195
FR0003500008;12/01/15;4196.78;4252.27;4165.15;4228.24;3489657
FR0003500008;13/01/15;4204.77;4310.58;4197.81;4290.28;3756217
FR0003500008;14/01/15;4227.46;4302.22;4207.37;4223.24;4302411
FR0003500008;15/01/15;4262.94;4338.73;4119.35;4323.20;5765092
FR0003500008;16/01/15;4303.55;4387.22;4294.76;4379.62;5292920
FR0003500008;19/01/15;4388.67;4423.25;4367.24;4394.93;3377411
FR0003500008;20/01/15;4406.96;4463.51;4405.94;4446.02;4295541
FR0003500008;21/01/15;4455.01;4484.82;4406.72;4484.82;5071751
FR0003500008;22/01/15;4486.76;4569.55;4462.17;4552.80;6152258
FR0003500008;23/01/15;4588.49;4673.30;4585.64;4640.69;6751665
FR0003500008;26/01/15;4620.00;4678.83;4616.61;4675.13;4303220
FR0003500008;27/01/15;4671.76;4679.26;4592.62;4624.21;4486222
FR0003500008;28/01/15;4660.45;4660.88;4582.58;4610.94;4221405
FR0003500008;29/01/15;4571.05;4632.38;4571.05;4631.43;4061465
FR0003500008;30/01/15;4655.95;4660.71;4583.68;4604.25;4803639
FR0003500008;02/02/15;4613.31;4646.55;4584.37;4627.67;4083062
FR0003500008;03/02/15;4651.07;4701.52;4645.15;4677.90;4744789
FR0003500008;04/02/15;4682.81;4696.30;4651.78;4696.30;4439411
FR0003500008;05/02/15;4654.56;4705.10;4647.85;4703.30;4149447
FR0003500008;06/02/15;4698.84;4707.24;4675.37;4691.03;3502481
FR0003500008;09/02/15;4652.16;4659.26;4611.15;4651.08;4222903
FR0003500008;10/02/15;4663.46;4716.49;4636.08;4695.65;4080141
FR0003500008;11/02/15;4687.87;4694.44;4659.46;4679.38;2891843
FR0003500008;12/02/15;4670.08;4746.75;4664.03;4726.20;4606204
FR0003500008;13/02/15;4748.04;4779.54;4741.20;4759.36;4664404
FR0003500008;16/02/15;4757.52;4766.47;4747.22;4751.95;3130710
FR0003500008;17/02/15;4720.93;4766.67;4683.19;4753.99;3483550
FR0003500008;18/02/15;4782.59;4806.68;4775.87;4799.03;4046764
FR0003500008;19/02/15;4788.40;4841.69;4770.17;4833.28;4124547
FR0003500008;20/02/15;4821.38;4837.93;4780.81;4830.90;5185841
FR0003500008;23/02/15;4872.13;4875.97;4832.36;4862.30;3438497
FR0003500008;24/02/15;4865.68;4899.52;4843.96;4886.44;3571875
FR0003500008;25/02/15;4885.00;4894.60;4863.22;4882.22;3735183
FR0003500008;26/02/15;4884.89;4910.62;4877.24;4910.62;3742811
FR0003500008;27/02/15;4905.77;4951.48;4903.09;4951.48;4380559
FR0003500008;02/03/15;4937.43;4950.59;4900.11;4917.32;3896036
FR0003500008;03/03/15;4922.43;4936.47;4863.92;4869.25;3896974
FR0003500008;04/03/15;4882.94;4917.35;4856.14;4917.35;3987145
FR0003500008;05/03/15;4929.04;4974.64;4926.09;4963.51;4067612
FR0003500008;06/03/15;4953.68;4986.88;4949.88;4964.35;3969187
FR0003500008;09/03/15;4940.64;4950.42;4917.46;4937.20;3697501
FR0003500008;10/03/15;4930.06;4941.38;4869.45;4881.95;4140296
FR0003500008;11/03/15;4900.37;5003.58;4900.33;4997.75;4687078
FR0003500008;12/03/15;4990.96;5000.94;4981.28;4987.33;3594480
FR0003500008;13/03/15;4997.94;5010.80;4969.47;5010.46;3761398
FR0003500008;16/03/15;5019.02;5071.68;5019.02;5061.16;4061901
FR0003500008;17/03/15;5065.62;5074.83;5006.93;5028.93;4507468
FR0003500008;18/03/15;5032.18;5041.32;5001.37;5033.42;4325987
FR0003500008;19/03/15;5029.97;5059.68;5006.82;5037.18;4218356
FR0003500008;20/03/15;5044.42;5106.04;5036.27;5087.49;6665786
FR0003500008;23/03/15;5078.25;5078.25;5036.23;5054.52;3846523
FR0003500008;24/03/15;5040.86;5103.30;5032.78;5088.28;4380047
FR0003500008;25/03/15;5073.28;5087.30;5012.87;5020.99;4249880
FR0003500008;26/03/15;4992.55;5006.35;4932.53;5006.35;5305879
FR0003500008;27/03/15;5020.09;5048.37;5003.31;5034.06;4640296
FR0003500008;30/03/15;5052.25;5097.59;5045.36;5083.52;3699192
FR0003500008;31/03/15;5073.99;5098.86;5028.38;5033.64;4443781
FR0003500008;01/04/15;5009.63;5110.79;5007.68;5062.22;4055830
FR0003500008;02/04/15;5068.06;5080.53;5059.42;5074.14;2704130
FR0003500008;07/04/15;5106.36;5166.77;5096.00;5151.19;3746605
FR0003500008;08/04/15;5146.78;5168.03;5128.18;5136.86;3571193
FR0003500008;09/04/15;5156.16;5208.95;5154.60;5208.95;3571510
FR0003500008;10/04/15;5224.22;5240.65;5210.61;5240.46;3717223
FR0003500008;13/04/15;5236.11;5262.74;5222.40;5254.12;3411888
FR0003500008;14/04/15;5252.48;5260.78;5192.89;5218.06;4777540
FR0003500008;15/04/15;5229.37;5269.50;5217.04;5254.35;4386811
FR0003500008;16/04/15;5246.75;5255.24;5214.94;5224.49;4664092
FR0003500008;17/04/15;5214.33;5238.91;5132.71;5143.26;5828816
FR0003500008;20/04/15;5154.91;5187.59;5151.12;5187.59;3600743
FR0003500008;21/04/15;5205.10;5243.57;5172.76;5192.64;4428019
FR0003500008;22/04/15;5210.70;5225.86;5146.27;5211.09;4567176
FR0003500008;23/04/15;5217.08;5226.17;5146.68;5178.91;4828387
FR0003500008;24/04/15;5202.63;5225.39;5166.81;5201.45;4396976
FR0003500008;27/04/15;5198.79;5283.71;5135.89;5268.91;4333560
FR0003500008;28/04/15;5256.79;5256.79;5138.30;5173.38;4850999
FR0003500008;29/04/15;5176.67;5202.56;5034.83;5039.39;5156067
FR0003500008;30/04/15;5040.51;5069.04;4987.26;5046.49;5679167
FR0003500008;04/05/15;5060.50;5112.86;5013.53;5081.97;3215105
FR0003500008;05/05/15;5074.42;5133.17;4969.97;4974.07;5189558
FR0003500008;06/05/15;4968.14;5013.21;4936.34;4981.59;5060715
FR0003500008;07/05/15;4945.82;4981.99;4874.90;4967.22;5650987
FR0003500008;08/05/15;4999.48;5094.01;4981.41;5090.39;4393920
FR0003500008;11/05/15;5050.92;5050.92;5008.89;5027.87;3301940
FR0003500008;12/05/15;4988.85;4992.92;4922.02;4974.65;4255367
FR0003500008;13/05/15;4996.19;5045.54;4944.39;4961.86;4006023
FR0003500008;14/05/15;4942.49;5043.69;4905.70;5029.31;3101218
FR0003500008;15/05/15;5049.56;5066.57;4965.86;4993.82;4106204
FR0003500008;18/05/15;4996.96;5026.28;4932.01;5012.31;3243441
FR0003500008;19/05/15;5040.45;5124.50;5040.45;5117.30;4438201
FR0003500008;20/05/15;5106.26;5139.06;5089.43;5133.30;3259020
FR0003500008;21/05/15;5120.88;5148.87;5104.21;5146.70;2691749
FR0003500008;22/05/15;5147.41;5155.28;5121.69;5142.89;3095753
FR0003500008;25/05/15;5139.65;5139.65;5099.13;5117.17;658455
FR0003500008;26/05/15;5122.87;5146.03;5062.47;5083.54;3656868
FR0003500008;27/05/15;5105.86;5193.77;5086.36;5182.53;4192153
FR0003500008;28/05/15;5157.25;5164.24;5096.53;5137.83;3369781
FR0003500008;29/05/15;5137.02;5144.73;5006.46;5007.89;5972445
FR0003500008;01/06/15;5029.05;5060.49;4989.94;5025.30;3391988
FR0003500008;02/06/15;5051.68;5051.68;4960.72;5004.46;4390105
FR0003500008;03/06/15;5016.37;5088.14;4991.27;5034.17;4105485
FR0003500008;04/06/15;5006.19;5044.75;4916.45;4987.13;4486378
FR0003500008;05/06/15;4951.80;4966.45;4894.17;4920.74;4174215
FR0003500008;08/06/15;4906.17;4917.52;4857.66;4857.66;3454325
FR0003500008;09/06/15;4849.12;4868.42;4783.92;4850.22;4729704
FR0003500008;10/06/15;4831.03;4956.74;4811.54;4934.91;4693082
FR0003500008;11/06/15;4926.77;5022.10;4917.92;4971.37;4695750
FR0003500008;12/06/15;4962.22;4973.07;4852.36;4901.19;4256523
FR0003500008;15/06/15;4844.95;4871.07;4805.10;4815.36;3810461
FR0003500008;16/06/15;4778.21;4857.63;4748.93;4839.86;4182867
FR0003500008;17/06/15;4845.73;4858.05;4773.19;4790.62;3854947
FR0003500008;18/06/15;4777.91;4805.01;4712.97;4803.48;4591709
FR0003500008;19/06/15;4807.58;4870.52;4799.27;4815.37;6802937
FR0003500008;22/06/15;4926.63;5010.39;4911.86;4998.61;6041566
FR0003500008;23/06/15;5045.57;5078.51;5024.26;5057.68;4419805
FR0003500008;24/06/15;5058.17;5065.74;5001.67;5045.35;4869867
FR0003500008;25/06/15;4996.63;5087.08;4996.63;5041.71;4903371
FR0003500008;26/06/15;5010.22;5095.04;4985.88;5059.17;3894623
FR0003500008;29/06/15;4821.45;4946.62;4819.03;4869.82;6060728
FR0003500008;30/06/15;4849.39;4892.48;4789.61;4790.20;6321142
FR0003500008;01/07/15;4849.43;4941.61;4813.69;4883.19;5513054
FR0003500008;02/07/15;4898.55;4903.51;4833.14;4835.56;3271597
FR0003500008;03/07/15;4836.46;4847.38;4780.55;4808.22;2926469
FR0003500008;06/07/15;4709.01;4775.49;4699.17;4711.54;4509592
FR0003500008;07/07/15;4723.29;4724.54;4602.16;4604.64;5342054
FR0003500008;08/07/15;4611.86;4671.87;4601.90;4639.02;4685768
FR0003500008;09/07/15;4667.21;4777.03;4655.45;4757.22;4104551
FR0003500008;10/07/15;4884.05;4922.63;4850.94;4903.07;4889554
FR0003500008;13/07/15;4985.14;5010.58;4959.62;4998.10;4526904
FR0003500008;14/07/15;4995.36;5032.47;4981.02;5032.47;3266421
FR0003500008;15/07/15;5027.91;5055.60;5017.83;5047.24;3445029
FR0003500008;16/07/15;5071.90;5147.40;5067.75;5121.50;4459035
FR0003500008;17/07/15;5138.98;5138.98;5110.48;5124.39;3493124
FR0003500008;20/07/15;5134.16;5184.74;5130.97;5142.49;2930025
FR0003500008;21/07/15;5153.85;5157.24;5093.77;5106.57;3013833
FR0003500008;22/07/15;5070.67;5101.22;5070.67;5082.57;2974926
FR0003500008;23/07/15;5122.85;5122.85;5067.82;5086.74;2829339
FR0003500008;24/07/15;5075.25;5120.64;5051.14;5057.36;3350117
FR0003500008;27/07/15;5030.89;5033.91;4924.29;4927.60;4155979
FR0003500008;28/07/15;4958.46;4997.15;4937.65;4977.32;3781673
FR0003500008;29/07/15;5006.01;5021.44;4970.28;5017.44;4167318
FR0003500008;30/07/15;5052.56;5061.53;5000.97;5046.42;4457028
FR0003500008;31/07/15;5063.47;5083.64;5035.38;5082.61;4403829
FR0003500008;03/08/15;5076.80;5125.71;5066.15;5120.52;3563464
FR0003500008;04/08/15;5114.63;5114.63;5075.88;5112.14;3495820
FR0003500008;05/08/15;5133.32;5202.76;5133.32;5196.73;4463388
FR0003500008;06/08/15;5186.55;5217.80;5177.95;5192.11;2985522
FR0003500008;07/08/15;5187.87;5190.35;5152.89;5154.75;3109876
FR0003500008;10/08/15;5179.84;5197.65;5133.63;5195.41;2581649
FR0003500008;11/08/15;5184.21;5184.21;5094.48;5099.03;3592349
FR0003500008;12/08/15;5051.49;5051.72;4907.33;4925.43;5297673
FR0003500008;13/08/15;5006.01;5023.94;4972.58;4986.85;3344366
FR0003500008;14/08/15;4987.06;5017.22;4940.73;4956.47;2655467
FR0003500008;17/08/15;4996.76;5025.71;4923.01;4984.83;2886478
FR0003500008;18/08/15;4972.79;5000.28;4956.12;4971.25;2264930
FR0003500008;19/08/15;4939.30;4949.12;4884.10;4884.10;3091951
FR0003500008;20/08/15;4867.45;4882.11;4774.87;4783.55;4019082
FR0003500008;21/08/15;4704.27;4775.72;4630.99;4630.99;5430112
FR0003500008;24/08/15;4465.48;4540.13;4230.49;4383.46;10356011
FR0003500008;25/08/15;4458.09;4596.24;4431.83;4564.86;7273239
FR0003500008;26/08/15;4499.23;4582.21;4430.75;4501.05;5479899
FR0003500008;27/08/15;4612.27;4686.67;4589.52;4658.18;5096018
FR0003500008;28/08/15;4663.98;4675.13;4624.11;4675.13;3287061
FR0003500008;31/08/15;4636.44;4657.76;4608.62;4652.95;2799839
FR0003500008;01/09/15;4586.33;4599.23;4499.49;4541.16;4529096
FR0003500008;02/09/15;4558.00;4599.76;4517.81;4554.92;3457824
FR0003500008;03/09/15;4601.75;4692.30;4589.98;4653.79;4294447
FR0003500008;04/09/15;4607.91;4611.05;4500.95;4523.08;4343425
FR0003500008;07/09/15;4563.85;4587.59;4524.99;4549.64;2014288
FR0003500008;08/09/15;4581.66;4655.08;4575.61;4598.26;3199782
FR0003500008;09/09/15;4707.41;4733.05;4662.88;4664.59;3600799
FR0003500008;10/09/15;4615.72;4665.83;4584.29;4596.53;3432815
FR0003500008;11/09/15;4618.59;4618.59;4545.14;4548.72;3003411
FR0003500008;14/09/15;4554.71;4596.75;4513.50;4518.15;2903931
FR0003500008;15/09/15;4529.96;4591.47;4502.21;4569.37;3150633
FR0003500008;16/09/15;4610.16;4653.34;4604.08;4645.84;3194108
FR0003500008;17/09/15;4660.17;4665.99;4629.20;4655.14;3039991
FR0003500008;18/09/15;4623.10;4623.10;4495.05;4535.85;9399044
FR0003500008;21/09/15;4526.28;4605.26;4526.28;4585.50;3325627
FR0003500008;22/09/15;4582.92;4582.92;4415.97;4428.51;4780686
FR0003500008;23/09/15;4427.79;4488.27;4400.42;4432.83;4278988
FR0003500008;24/09/15;4434.70;4455.05;4309.42;4347.24;5286247
FR0003500008;25/09/15;4423.12;4514.42;4413.71;4480.66;4326786
FR0003500008;28/09/15;4452.24;4470.07;4337.28;4357.05;3949144
FR0003500008;29/09/15;4297.19;4377.22;4278.57;4343.73;4259944
FR0003500008;30/09/15;4433.76;4474.72;4413.08;4455.29;4578480
FR0003500008;01/10/15;4518.03;4528.16;4408.12;4426.54;4228824
FR0003500008;02/10/15;4472.50;4518.39;4386.10;4458.88;4111119
FR0003500008;05/10/15;4543.20;4631.84;4528.02;4616.90;4205504
FR0003500008;06/10/15;4610.43;4684.79;4589.29;4660.64;3853335
FR0003500008;07/10/15;4680.85;4730.30;4654.28;4667.34;4597084
FR0003500008;08/10/15;4657.24;4687.19;4643.92;4675.91;3460771
FR0003500008;09/10/15;4723.28;4737.69;4693.25;4701.39;3792314
FR0003500008;12/10/15;4705.22;4713.41;4663.34;4688.70;3083883
FR0003500008;13/10/15;4667.51;4667.51;4598.11;4643.38;3601481
FR0003500008;14/10/15;4608.42;4660.43;4580.84;4609.03;3395130
FR0003500008;15/10/15;4651.77;4683.75;4622.45;4675.29;3456203
FR0003500008;16/10/15;4702.56;4718.91;4680.22;4702.79;3735328
FR0003500008;19/10/15;4697.52;4744.97;4684.52;4704.07;2609217
FR0003500008;20/10/15;4708.19;4711.95;4649.98;4673.81;2891279
FR0003500008;21/10/15;4691.37;4716.57;4642.94;4695.10;3086334
FR0003500008;22/10/15;4681.04;4816.99;4670.10;4802.18;5077104
FR0003500008;23/10/15;4840.32;4947.02;4840.32;4923.64;5619428
FR0003500008;26/10/15;4908.33;4924.24;4881.05;4897.13;3276621
FR0003500008;27/10/15;4885.09;4896.46;4847.07;4847.07;3319413
FR0003500008;28/10/15;4857.85;4907.84;4848.50;4890.58;3483102
FR0003500008;29/10/15;4904.63;4904.63;4841.39;4885.82;4499038
FR0003500008;30/10/15;4895.03;4909.16;4865.16;4897.66;3999614
FR0003500008;02/11/15;4848.86;4936.85;4845.12;4916.21;3253312
FR0003500008;03/11/15;4920.02;4936.18;4895.84;4936.18;3379895
FR0003500008;04/11/15;4951.19;4992.97;4942.08;4948.29;4095756
FR0003500008;05/11/15;4967.94;5008.06;4935.22;4980.04;4481967
FR0003500008;06/11/15;4964.88;5011.65;4930.92;4984.15;4935663
FR0003500008;09/11/15;4978.84;4983.77;4906.48;4911.17;3252320
FR0003500008;10/11/15;4937.37;4942.62;4873.45;4912.16;3264415
FR0003500008;11/11/15;4913.64;4973.90;4913.64;4952.51;3168597
FR0003500008;12/11/15;4941.26;4963.38;4851.04;4856.65;3690740
FR0003500008;13/11/15;4835.69;4860.53;4762.33;4807.95;3491607
FR0003500008;16/11/15;4754.49;4824.02;4751.03;4804.31;3239522
FR0003500008;17/11/15;4850.29;4937.31;4840.75;4937.31;3842875
FR0003500008;18/11/15;4901.12;4918.14;4879.36;4906.72;3200773
FR0003500008;19/11/15;4943.90;4962.45;4901.07;4915.10;3199861
FR0003500008;20/11/15;4929.34;4934.29;4879.49;4910.97;3631012
FR0003500008;23/11/15;4901.68;4905.33;4860.73;4889.12;2662717
FR0003500008;24/11/15;4863.81;4865.42;4773.98;4820.28;3842812
FR0003500008;25/11/15;4830.22;4911.83;4821.51;4892.99;3590450
FR0003500008;26/11/15;4884.35;4956.08;4883.27;4946.02;2679364
FR0003500008;27/11/15;4919.01;4961.45;4908.90;4930.14;2276611
FR0003500008;30/11/15;4917.15;4974.36;4901.29;4957.60;3652651
FR0003500008;01/12/15;4960.38;4968.31;4897.87;4914.53;3857871
FR0003500008;02/12/15;4925.24;4942.12;4886.86;4905.76;3277186
FR0003500008;03/12/15;4895.64;4975.71;4730.21;4730.21;6998420
FR0003500008;04/12/15;4715.69;4740.47;4670.99;4714.79;5104301
FR0003500008;07/12/15;4746.26;4803.48;4733.34;4756.41;3242553
FR0003500008;08/12/15;4750.42;4757.20;4656.56;4681.86;4135387
FR0003500008;09/12/15;4695.90;4714.64;4619.49;4637.45;4007491
FR0003500008;10/12/15;4617.54;4661.04;4596.34;4635.06;3686444
FR0003500008;11/12/15;4617.18;4630.27;4527.26;4549.56;4452628
FR0003500008;14/12/15;4572.37;4623.16;4472.65;4473.07;4306186
FR0003500008;15/12/15;4522.47;4626.76;4519.96;4614.40;4685514
FR0003500008;16/12/15;4621.47;4664.20;4593.92;4624.67;3629387
FR0003500008;17/12/15;4729.40;4748.76;4674.58;4677.54;4572279
FR0003500008;18/12/15;4629.56;4672.35;4601.39;4625.26;6635787
FR0003500008;21/12/15;4617.20;4666.49;4565.17;4565.17;3196495
FR0003500008;22/12/15;4596.55;4604.79;4526.86;4567.60;2553472
FR0003500008;23/12/15;4614.25;4686.09;4614.25;4674.53;2787030
FR0003500008;24/12/15;4670.86;4671.68;4651.44;4663.18;447858
FR0003500008;28/12/15;4667.03;4669.84;4613.78;4617.95;1331065
FR0003500008;29/12/15;4648.79;4701.36;4648.79;4701.36;1914717
FR0003500008;30/12/15;4690.31;4708.32;4672.26;4677.14;1691622
FR0003500008;31/12/15;4657.02;4667.52;4637.06;4637.06;688394
FR0003500008;04/01/16;4582.05;4586.11;4490.30;4522.45;4072046
FR0003500008;05/01/16;4573.54;4575.45;4481.70;4537.63;3226472
FR0003500008;06/01/16;4528.12;4533.24;4440.77;4480.47;3400586
FR0003500008;07/01/16;4346.10;4424.14;4323.55;4403.58;4645862
FR0003500008;08/01/16;4404.18;4437.02;4333.74;4333.76;4188481
FR0003500008;11/01/16;4333.21;4383.92;4312.74;4312.74;3470250
FR0003500008;12/01/16;4317.49;4429.04;4305.77;4378.75;3796848
FR0003500008;13/01/16;4426.76;4465.56;4374.02;4391.94;3412887
FR0003500008;14/01/16;4341.36;4352.15;4234.84;4312.89;5492593
FR0003500008;15/01/16;4305.44;4319.47;4178.87;4210.16;5988636
FR0003500008;18/01/16;4211.11;4254.46;4161.37;4189.57;3455469
FR0003500008;19/01/16;4267.13;4308.09;4251.53;4272.26;3736464
FR0003500008;20/01/16;4171.43;4178.82;4084.68;4124.95;4771550
FR0003500008;21/01/16;4129.70;4234.65;4113.58;4206.40;5185733
FR0003500008;22/01/16;4293.26;4371.65;4280.95;4336.69;4848330
FR0003500008;25/01/16;4365.15;4365.15;4291.86;4311.33;3543949
FR0003500008;26/01/16;4238.85;4366.65;4224.45;4356.81;3647805
FR0003500008;27/01/16;4349.79;4380.36;4319.36;4380.36;3417002
FR0003500008;28/01/16;4362.55;4403.68;4284.38;4322.16;4155949
FR0003500008;29/01/16;4386.85;4417.02;4340.19;4417.02;4412505
FR0003500008;01/02/16;4418.14;4422.61;4350.09;4392.33;3321473
FR0003500008;02/02/16;4368.92;4377.57;4253.51;4283.99;4009275
FR0003500008;03/02/16;4279.43;4294.41;4177.97;4226.96;4920053
FR0003500008;04/02/16;4276.17;4279.12;4176.48;4228.53;4726979
FR0003500008;05/02/16;4240.80;4269.47;4187.97;4200.67;4857433
FR0003500008;08/02/16;4217.45;4220.85;4046.64;4066.31;5078113
FR0003500008;09/02/16;4072.32;4091.88;3951.29;3997.54;5564556
FR0003500008;10/02/16;4027.08;4115.17;3987.49;4061.20;4493394
FR0003500008;11/02/16;3990.33;3998.10;3892.46;3896.71;5393380
FR0003500008;12/02/16;3949.16;3995.06;3922.71;3995.06;4790715
FR0003500008;15/02/16;4086.29;4144.81;4076.81;4115.25;3709753
FR0003500008;16/02/16;4157.30;4157.30;4086.83;4110.66;3820132
FR0003500008;17/02/16;4119.35;4238.33;4112.04;4233.47;4486426
FR0003500008;18/02/16;4255.07;4279.19;4212.59;4239.76;3989688
FR0003500008;19/02/16;4232.22;4255.57;4182.33;4223.04;3849348
FR0003500008;22/02/16;4260.62;4303.90;4259.26;4298.70;3082386
FR0003500008;23/02/16;4272.22;4301.92;4236.95;4238.42;3212148
FR0003500008;24/02/16;4232.48;4233.30;4117.49;4155.34;4091757
FR0003500008;25/02/16;4219.80;4268.66;4198.09;4248.45;3833941
FR0003500008;26/02/16;4297.87;4352.39;4292.52;4314.57;3696088
FR0003500008;29/02/16;4275.84;4354.62;4254.77;4353.55;3665986
FR0003500008;01/03/16;4343.93;4406.95;4328.80;4406.84;3450650
FR0003500008;02/03/16;4428.95;4448.30;4387.21;4424.89;3618918
FR0003500008;03/03/16;4430.90;4430.90;4392.58;4416.08;3134103
FR0003500008;04/03/16;4437.82;4480.21;4413.93;4456.62;3663081
FR0003500008;07/03/16;4436.37;4458.82;4406.90;4442.29;3001970
FR0003500008;08/03/16;4405.16;4437.17;4363.55;4404.02;3304431
FR0003500008;09/03/16;4405.95;4458.77;4397.98;4425.65;3167115
FR0003500008;10/03/16;4432.56;4580.97;4350.35;4350.35;6046674
FR0003500008;11/03/16;4430.24;4492.79;4421.95;4492.79;4233567
FR0003500008;14/03/16;4501.81;4535.91;4494.60;4506.59;3310635
FR0003500008;15/03/16;4474.26;4488.78;4450.16;4472.63;3222910
FR0003500008;16/03/16;4486.70;4502.96;4446.99;4463.00;3215050
FR0003500008;17/03/16;4501.68;4501.68;4367.44;4442.89;4302710
FR0003500008;18/03/16;4452.04;4472.73;4418.49;4462.51;6730538
FR0003500008;21/03/16;4425.84;4481.11;4415.93;4427.80;2589346
FR0003500008;22/03/16;4396.87;4431.97;4358.57;4431.97;3192348
FR0003500008;23/03/16;4442.59;4467.86;4396.10;4423.98;2900217
FR0003500008;24/03/16;4390.11;4392.81;4323.18;4329.68;2940484
FR0003500008;29/03/16;4354.03;4382.98;4333.33;4366.67;2702322
FR0003500008;30/03/16;4387.36;4466.50;4387.36;4444.42;3322746
FR0003500008;31/03/16;4416.84;4419.62;4378.77;4385.06;3620897
FR0003500008;01/04/16;4331.28;4331.28;4261.25;4322.24;4081338
FR0003500008;04/04/16;4301.88;4378.05;4280.90;4345.22;3089593
FR0003500008;05/04/16;4289.09;4289.09;4241.61;4250.28;3560259
FR0003500008;06/04/16;4262.30;4284.64;4243.02;4284.64;3088492
FR0003500008;07/04/16;4288.71;4316.78;4229.12;4245.91;3153375
FR0003500008;08/04/16;4259.10;4315.59;4258.51;4303.12;2900833
FR0003500008;11/04/16;4294.12;4338.81;4263.08;4312.63;2641642
FR0003500008;12/04/16;4317.50;4348.40;4269.10;4345.91;3312835
FR0003500008;13/04/16;4407.03;4490.31;4404.58;4490.31;4180138
FR0003500008;14/04/16;4487.22;4515.00;4473.35;4511.51;3544303
FR0003500008;15/04/16;4502.16;4508.16;4482.33;4495.17;3364902
FR0003500008;18/04/16;4425.25;4517.08;4424.76;4506.84;2740138
FR0003500008;19/04/16;4521.60;4577.87;4521.60;4566.48;3598055
FR0003500008;20/04/16;4546.35;4596.33;4538.43;4591.92;3358701
FR0003500008;21/04/16;4604.23;4607.69;4551.33;4582.83;3957818
FR0003500008;22/04/16;4578.82;4580.52;4553.59;4569.66;2991187
FR0003500008;25/04/16;4561.92;4574.46;4522.23;4546.12;2800883
FR0003500008;26/04/16;4557.00;4579.12;4515.40;4533.18;3065910
FR0003500008;27/04/16;4534.99;4564.70;4525.79;4559.40;3069536
FR0003500008;28/04/16;4520.25;4557.36;4482.37;4557.36;3536941
FR0003500008;29/04/16;4500.43;4508.83;4428.59;4428.96;4086087
FR0003500008;02/05/16;4455.76;4458.74;4429.47;4442.75;1884349
FR0003500008;03/05/16;4435.00;4437.65;4364.01;4371.98;3224040
FR0003500008;04/05/16;4365.20;4387.75;4317.28;4324.23;3309325
FR0003500008;05/05/16;4321.36;4346.20;4303.25;4319.46;2303919
FR0003500008;06/05/16;4290.41;4311.49;4245.17;4301.24;3035126
FR0003500008;09/05/16;4322.69;4363.56;4302.96;4322.81;2681056
FR0003500008;10/05/16;4338.05;4374.75;4320.29;4338.21;2753340
FR0003500008;11/05/16;4335.14;4340.58;4289.38;4316.67;2400685
FR0003500008;12/05/16;4295.74;4361.88;4266.96;4293.27;2864297
FR0003500008;13/05/16;4264.77;4335.15;4253.13;4319.99;2733748
FR0003500008;16/05/16;4290.65;4316.28;4269.63;4312.28;1314326
FR0003500008;17/05/16;4325.11;4362.33;4273.86;4297.57;2898620
FR0003500008;18/05/16;4275.39;4322.23;4267.71;4319.30;2563488
FR0003500008;19/05/16;4292.25;4314.23;4274.57;4282.54;2908961
FR0003500008;20/05/16;4323.62;4353.90;4312.50;4353.90;3592314
FR0003500008;23/05/16;4344.89;4357.08;4300.18;4325.10;2412751
FR0003500008;24/05/16;4309.30;4440.65;4300.42;4431.52;3310930
FR0003500008;25/05/16;4457.85;4490.17;4445.79;4481.64;3293702
FR0003500008;26/05/16;4478.17;4513.77;4477.02;4512.64;2873032
FR0003500008;27/05/16;4498.43;4518.22;4493.06;4514.74;2459713
FR0003500008;30/05/16;4507.09;4531.18;4503.52;4529.40;1296511
FR0003500008;31/05/16;4532.32;4536.63;4496.86;4505.62;3670646
FR0003500008;01/06/16;4502.84;4507.22;4458.30;4475.39;2881277
FR0003500008;02/06/16;4468.84;4486.56;4447.62;4466.00;2769145
FR0003500008;03/06/16;4477.83;4492.20;4396.63;4421.78;3345873
FR0003500008;06/06/16;4407.01;4435.63;4407.01;4423.38;2080195
FR0003500008;07/06/16;4443.41;4486.47;4441.21;4475.86;2929923
FR0003500008;08/06/16;4461.28;4473.29;4435.35;4448.73;2597764
FR0003500008;09/06/16;4437.02;4438.38;4394.52;4405.61;2596152
FR0003500008;10/06/16;4390.81;4390.81;4301.10;4306.72;3418653
FR0003500008;13/06/16;4253.98;4275.97;4227.02;4227.02;3188412
FR0003500008;14/06/16;4175.21;4199.54;4127.87;4130.33;4089276
FR0003500008;15/06/16;4172.73;4204.01;4162.02;4171.58;3620519
FR0003500008;16/06/16;4116.50;4162.37;4109.82;4153.01;3382906
FR0003500008;17/06/16;4179.44;4218.53;4170.17;4193.83;5461706
FR0003500008;20/06/16;4301.19;4351.21;4292.92;4340.76;3399046
FR0003500008;21/06/16;4335.89;4382.91;4321.46;4367.24;2849468
FR0003500008;22/06/16;4398.40;4416.98;4372.35;4380.03;2706049
FR0003500008;23/06/16;4404.68;4490.55;4392.52;4465.90;3678184
FR0003500008;24/06/16;4114.58;4198.90;4007.97;4106.73;11563016
FR0003500008;27/06/16;4073.72;4115.47;3955.98;3984.72;6742637
FR0003500008;28/06/16;4074.36;4119.08;4059.90;4088.85;4890003
FR0003500008;29/06/16;4139.37;4206.35;4128.08;4195.32;4085359
FR0003500008;30/06/16;4182.11;4249.53;4155.45;4237.48;4350351
FR0003500008;01/07/16;4261.09;4288.72;4218.10;4273.96;3365108
FR0003500008;04/07/16;4288.50;4288.66;4233.00;4234.86;1932996
FR0003500008;05/07/16;4203.97;4216.06;4148.79;4163.42;3217082
FR0003500008;06/07/16;4127.20;4153.41;4062.07;4085.30;3893495
FR0003500008;07/07/16;4115.50;4167.88;4110.24;4117.85;3133785
FR0003500008;08/07/16;4106.65;4210.34;4102.68;4190.68;3223446
FR0003500008;11/07/16;4221.22;4271.71;4207.37;4264.53;2727658
FR0003500008;12/07/16;4272.45;4342.67;4270.99;4331.38;3301874
FR0003500008;13/07/16;4329.53;4358.67;4321.90;4335.26;2991716
FR0003500008;14/07/16;4375.67;4402.23;4345.44;4385.52;2836180
FR0003500008;15/07/16;4367.43;4383.69;4342.77;4372.51;2602831
FR0003500008;18/07/16;4375.09;4408.13;4334.36;4357.74;2028147
FR0003500008;19/07/16;4345.40;4357.34;4304.20;4330.13;2299279
FR0003500008;20/07/16;4354.57;4391.57;4333.36;4379.76;2373339
FR0003500008;21/07/16;4382.16;4389.90;4340.94;4376.25;2598039
FR0003500008;22/07/16;4365.38;4398.27;4345.23;4381.10;2116895
FR0003500008;25/07/16;4381.63;4419.77;4368.06;4388.00;2290774
FR0003500008;26/07/16;4385.32;4405.66;4353.62;4394.77;2376767
FR0003500008;27/07/16;4424.60;4469.90;4424.60;4446.96;3263418
FR0003500008;28/07/16;4447.21;4474.67;4420.58;4420.58;3382288
FR0003500008;29/07/16;4440.43;4440.43;4408.38;4439.81;3898979
FR0003500008;01/08/16;4469.99;4477.44;4395.33;4409.17;2613804
FR0003500008;02/08/16;4395.86;4398.20;4320.89;4327.99;3088118
FR0003500008;03/08/16;4346.31;4347.94;4293.34;4321.08;2867684
FR0003500008;04/08/16;4344.18;4359.79;4324.81;4345.63;2400746
FR0003500008;05/08/16;4362.94;4416.66;4361.58;4410.55;2768277
FR0003500008;08/08/16;4419.02;4441.16;4407.32;4415.46;2132979
FR0003500008;09/08/16;4412.86;4468.34;4410.72;4468.07;2269553
FR0003500008;10/08/16;4443.38;4465.89;4440.56;4452.01;2038777
FR0003500008;11/08/16;4471.30;4503.95;4446.46;4503.95;2129788
FR0003500008;12/08/16;4501.06;4510.06;4490.45;4500.19;1954534
FR0003500008;15/08/16;4503.65;4528.00;4494.49;4497.86;1332290
FR0003500008;16/08/16;4476.07;4499.59;4457.25;4460.44;2297544
FR0003500008;17/08/16;4475.13;4478.58;4415.33;4417.68;2012441
FR0003500008;18/08/16;4441.20;4447.25;4413.06;4437.06;1820162
FR0003500008;19/08/16;4436.09;4436.87;4373.75;4400.52;2322913
FR0003500008;22/08/16;4397.39;4443.07;4377.70;4389.94;1974453
FR0003500008;23/08/16;4406.34;4436.15;4404.00;4421.45;2214806
FR0003500008;24/08/16;4389.17;4453.73;4382.71;4435.47;2051196
FR0003500008;25/08/16;4414.41;4415.31;4377.79;4406.61;1932459
FR0003500008;26/08/16;4399.46;4455.61;4387.71;4441.87;2069418
FR0003500008;29/08/16;4421.46;4437.82;4390.04;4424.25;1336205
FR0003500008;30/08/16;4439.68;4475.02;4438.42;4457.49;2306449
FR0003500008;31/08/16;4451.40;4486.84;4438.22;4438.22;3267933
FR0003500008;01/09/16;4448.03;4490.91;4421.97;4439.67;3144266
FR0003500008;02/09/16;4461.29;4548.04;4446.50;4542.17;3110539
FR0003500008;05/09/16;4550.82;4566.55;4541.08;4541.08;2146127
FR0003500008;06/09/16;4556.35;4557.95;4523.44;4529.96;2256974
FR0003500008;07/09/16;4536.95;4561.36;4520.21;4557.66;2372921
FR0003500008;08/09/16;4554.15;4569.62;4485.47;4542.20;3086566
FR0003500008;09/09/16;4531.42;4541.76;4481.09;4491.40;2825147
FR0003500008;12/09/16;4415.23;4439.80;4386.11;4439.80;2987687
FR0003500008;13/09/16;4463.26;4470.26;4387.18;4387.18;2887507
FR0003500008;14/09/16;4407.45;4407.48;4360.95;4370.26;3335324
FR0003500008;15/09/16;4357.29;4381.54;4341.04;4373.22;3101198
FR0003500008;16/09/16;4359.87;4380.13;4310.88;4332.45;6580721
FR0003500008;19/09/16;4368.85;4398.97;4368.85;4394.19;2526589
FR0003500008;20/09/16;4383.31;4419.90;4375.57;4388.60;2331615
FR0003500008;21/09/16;4439.70;4451.32;4408.30;4409.55;2474197
FR0003500008;22/09/16;4444.50;4528.89;4443.67;4509.82;3420823
FR0003500008;23/09/16;4494.50;4498.35;4476.86;4488.69;2571641
FR0003500008;26/09/16;4455.59;4455.59;4402.13;4407.85;2800396
FR0003500008;27/09/16;4436.00;4438.59;4362.93;4398.68;2869134
FR0003500008;28/09/16;4413.12;4460.83;4413.12;4432.45;2404085
FR0003500008;29/09/16;4490.17;4505.30;4434.09;4443.84;2485097
FR0003500008;30/09/16;4383.70;4463.39;4342.64;4448.26;3691317
FR0003500008;03/10/16;4447.54;4465.29;4432.77;4453.56;1918377
FR0003500008;04/10/16;4458.67;4521.36;4453.67;4503.09;3107382
FR0003500008;05/10/16;4462.72;4499.38;4441.25;4489.95;3046911
FR0003500008;06/10/16;4500.36;4511.88;4470.12;4480.10;3172583
FR0003500008;07/10/16;4480.53;4487.18;4444.32;4449.91;3486768
FR0003500008;10/10/16;4458.07;4500.46;4428.73;4497.26;2679133
FR0003500008;11/10/16;4490.83;4520.18;4469.30;4471.74;3182307
FR0003500008;12/10/16;4467.09;4474.20;4442.02;4452.24;2748045
FR0003500008;13/10/16;4421.81;4421.81;4370.65;4405.17;3270992
FR0003500008;14/10/16;4424.25;4497.65;4424.25;4470.92;3015407
FR0003500008;17/10/16;4452.72;4474.33;4439.91;4450.23;2418132
FR0003500008;18/10/16;4479.68;4515.61;4474.84;4508.91;2946900
FR0003500008;19/10/16;4513.49;4528.97;4495.94;4520.30;2678893
FR0003500008;20/10/16;4525.34;4552.24;4500.65;4540.12;3147097
FR0003500008;21/10/16;4546.65;4555.11;4517.80;4536.07;3104662
FR0003500008;24/10/16;4551.73;4579.28;4551.73;4552.58;2662424
FR0003500008;25/10/16;4560.46;4570.63;4528.03;4540.84;2865189
FR0003500008;26/10/16;4523.96;4539.07;4496.97;4534.59;3254018
FR0003500008;27/10/16;4526.34;4556.74;4502.55;4533.57;3182218
FR0003500008;28/10/16;4515.68;4554.35;4504.50;4548.58;3361560
FR0003500008;31/10/16;4525.60;4540.26;4500.19;4509.26;3006753
FR0003500008;01/11/16;4532.34;4537.99;4460.54;4470.28;2656432
FR0003500008;02/11/16;4437.99;4449.44;4414.67;4414.67;2950126
